2.100000000000000000e+01
2.100000000000000000e+01
2.100000000000000000e+01
2.825000000000000000e+01
3.860000000000000142e+01
3.566666666666666430e+01
3.357142857142856940e+01
4.687500000000000000e+01
4.722222222222222143e+01
4.460000000000000142e+01
4.245454545454545325e+01
4.808333333333333570e+01
5.284615384615384670e+01
5.057142857142856940e+01
5.653333333333333144e+01
5.431250000000000000e+01
5.405882352941176805e+01
5.383333333333333570e+01
6.147368421052631504e+01
6.834999999999999432e+01
7.457142857142856940e+01
7.345454545454545325e+01
7.891304347826087451e+01
8.145833333333332860e+01
8.615999999999999659e+01
8.476923076923077360e+01
8.900000000000000000e+01
9.292857142857143060e+01
9.658620689655172953e+01
1.000000000000000000e+02
1.012903225806451672e+02
1.043437500000000000e+02
1.072121212121212182e+02
1.055294117647058840e+02
1.039428571428571360e+02
1.065833333333333286e+02
1.074864864864864842e+02
1.098947368421052602e+02
1.121794871794871824e+02
1.143499999999999943e+02
1.164146341463414700e+02
1.183809523809523796e+02
1.202558139534883708e+02
1.200227272727272663e+02
1.217777777777777715e+02
1.234565217391304373e+02
1.250638297872340416e+02
1.235000000000000000e+02
1.244489795918367321e+02
1.235600000000000023e+02
1.232941176470588260e+02
1.230384615384615330e+02
1.227924528301886795e+02
1.242037037037037095e+02
1.255636363636363626e+02
1.252857142857142918e+02
1.265789473684210549e+02
1.252586206896551744e+02
1.265084745762711833e+02
1.252333333333333343e+02
1.264426229508196684e+02
1.276129032258064484e+02
1.268571428571428612e+02
1.279843750000000000e+02
1.290769230769230660e+02
1.301363636363636260e+02
1.311641791044776255e+02
1.321617647058823479e+02
1.327101449275362199e+02
1.336571428571428442e+02
1.333239436619718390e+02
1.342361111111111143e+02
1.351232876712328732e+02
1.359864864864864842e+02
1.368266666666666538e+02
1.376447368421052602e+02
1.384415584415584419e+02
1.376923076923076792e+02
1.384683544303797476e+02
1.392249999999999943e+02
1.399629629629629619e+02
1.406829268292682968e+02
1.413855421686747036e+02
1.420714285714285836e+02
1.427411764705882433e+02
1.430581395348837077e+02
1.437011494252873547e+02
1.443295454545454675e+02
1.449438202247191043e+02
1.455444444444444514e+02
1.454835164835164960e+02
1.441304347826086882e+02
1.431182795698924792e+02
1.437127659574468055e+02
1.442947368421052659e+02
1.439375000000000000e+02
1.445051546391752595e+02
1.444591836734693970e+02
1.450101010101010104e+02
1.437700000000000102e+02
1.428415841584158557e+02
1.433921568627451109e+02
1.439320388349514701e+02
1.444615384615384528e+02
1.444190476190476318e+02
1.449339622641509493e+02
1.454392523364485896e+02
1.448333333333333428e+02
1.450642201834862419e+02
1.455545454545454618e+02
1.460360360360360232e+02
1.457142857142857224e+02
1.461858407079646156e+02
1.466491228070175339e+02
1.471043478260869506e+02
1.467844827586206975e+02
1.472307692307692264e+02
1.461610169491525539e+02
1.451092436974790019e+02
1.455583333333333371e+02
1.447685950413223281e+02
1.437540983606557461e+02
1.442032520325203393e+02
1.434435483870967687e+02
1.426959999999999980e+02
1.419603174603174693e+02
1.414724409448818960e+02
1.412265625000000000e+02
1.414496124031007867e+02
1.418923076923076962e+02
1.423282442748091512e+02
1.427575757575757507e+02
1.420601503759398554e+02
1.424850746268656678e+02
1.429037037037037123e+02
1.422205882352941160e+02
1.417664233576642232e+02
1.421811594202898448e+02
1.419496402877697960e+02
1.423571428571428612e+02
1.427588652482269538e+02
1.431549295774647987e+02
1.435454545454545325e+02
1.431041666666666572e+02
1.434896551724137908e+02
1.438698630136986196e+02
1.442448979591836746e+02
1.438108108108108070e+02
1.439865771812080482e+02
1.441599999999999966e+02
1.441324503311258241e+02
1.435131578947368496e+02
1.430980392156862706e+02
1.434610389610389518e+02
1.430516129032258164e+02
1.422692307692307736e+02
1.418726114649681449e+02
1.418607594936708836e+02
1.418490566037735903e+02
1.412750000000000057e+02
1.407080745341614829e+02
1.405185185185185048e+02
1.408773006134969421e+02
1.406890243902439011e+02
1.410424242424242323e+02
1.406746987951807171e+02
1.410239520958083972e+02
1.404821428571428612e+02
1.408284023668639122e+02
1.408235294117646959e+02
1.411637426900584842e+02
1.409825581395348877e+02
1.406300578034682189e+02
1.409655172413793025e+02
1.412971428571428589e+02
1.416250000000000000e+02
1.419491525423728717e+02
1.417696629213483277e+02
1.420893854748603360e+02
1.415777777777777828e+02
1.418950276243093924e+02
1.422087912087912116e+02
1.421967213114754145e+02
1.425054347826086882e+02
1.428108108108108070e+02
1.431129032258064626e+02
1.434117647058823479e+02
1.437074468085106389e+02
1.438465608465608341e+02
1.433526315789473813e+02
1.428638743455497320e+02
1.422291666666666572e+02
1.422176165803108745e+02
1.423608247422680506e+02
1.417384615384615358e+02
1.411224489795918373e+02
1.411167512690355466e+02
1.406565656565656468e+02
1.409497487437186010e+02
1.403499999999999943e+02
1.406417910447761130e+02
1.404900990099010016e+02
1.404876847290640285e+02
1.407745098039215748e+02
1.410585365853658573e+02
1.413398058252427063e+02
1.416183574879227081e+02
1.418942307692307736e+02
1.421674641148325406e+02
1.417285714285714278e+02
1.420000000000000000e+02
1.422688679245283083e+02
1.425352112676056322e+02
1.427990654205607370e+02
1.423674418604651066e+02
1.419398148148148096e+02
1.422027649769585196e+02
1.420550458715596278e+02
1.416347031963470329e+02
1.418954545454545553e+02
1.421538461538461604e+02
1.418738738738738618e+02
1.421300448430493191e+02
1.418526785714285836e+02
1.415777777777777828e+02
1.418318584070796362e+02
1.415594713656387569e+02
1.412894736842105203e+02
1.415414847161572141e+02
1.417913043478260988e+02
1.412683982683982720e+02
1.415172413793103487e+02
1.417639484978540736e+02
1.415000000000000000e+02
1.417446808510638334e+02
1.413559322033898411e+02
1.408481012658227769e+02
1.403445378151260456e+02
1.399665271966527200e+02
1.395916666666666686e+02
1.393443983402489721e+02
1.393471074380165362e+02
1.395925925925925810e+02
1.398360655737704974e+02
1.400775510204081513e+02
1.403170731707317032e+02
1.398340080971659916e+02
1.394717741935483843e+02
1.393534136546184641e+02
1.393559999999999945e+02
1.390000000000000000e+02
1.392380952380952408e+02
1.394743083003952506e+02
1.393582677165354369e+02
1.394784313725490108e+02
1.397109375000000000e+02
1.392490272373540847e+02
1.394806201550387641e+02
1.397104247104247179e+02
1.395961538461538396e+02
1.398237547892720443e+02
1.397099236641221296e+02
1.392585551330798523e+02
1.393750000000000000e+02
1.390377358490566166e+02
1.388157894736842195e+02
1.388202247191011338e+02
1.383805970149253710e+02
1.386059479553903486e+02
1.383888888888888857e+02
1.383948339483394818e+02
1.386176470588235361e+02
1.388388278388278252e+02
1.385145985401459825e+02
1.387345454545454686e+02
1.389528985507246261e+02
1.386317689530685868e+02
1.388489208633093597e+02
1.386379928315412258e+02
1.385357142857142776e+02
1.387508896797153000e+02
1.385425531914893611e+02
1.381272084805653719e+02
1.383415492957746551e+02
1.385543859649122851e+02
1.386643356643356526e+02
1.383554006968641090e+02
1.379479166666666572e+02
1.378512110726643698e+02
1.380620689655172555e+02
1.377594501718212996e+02
1.377671232876712395e+02
1.376723549488054630e+02
1.375782312925170174e+02
1.372813559322033825e+02
1.373918918918919019e+02
1.375016835016834875e+02
1.377080536912751541e+02
1.376153846153846132e+02
1.378199999999999932e+02
1.377275747508305699e+02
1.379304635761589282e+02
1.381320132013201203e+02
1.383322368421052602e+02
1.380426229508196627e+02
1.381470588235294201e+02
1.380553745928338856e+02
1.379642857142857224e+02
1.381618122977346275e+02
1.382645161290322449e+02
1.384598070739549769e+02
1.381762820512820440e+02
1.378019169329073463e+02
1.376178343949044631e+02
1.378126984126984098e+02
1.375348101265822720e+02
1.371671924290220943e+02
1.373616352201257769e+02
1.370877742946708508e+02
1.372812500000000000e+02
1.374735202492211954e+02
1.376645962732919202e+02
1.378544891640866865e+02
1.380432098765432158e+02
1.382307692307692264e+02
1.382361963190184042e+02
1.382415902140672870e+02
1.384268292682926926e+02
1.384316109422492502e+02
1.386151515151515241e+02
1.387975830815709912e+02
1.388012048192771033e+02
1.389819819819819884e+02
1.386287425149700709e+02
1.385432835820895434e+02
1.381934523809523796e+02
1.379317507418397497e+02
1.376715976331360878e+02
1.375014749262536782e+02
1.375088235294117567e+02
1.371671554252199314e+02
1.370877192982456165e+02
1.368338192419824964e+02
1.368430232558139608e+02
1.368521739130434867e+02
1.370317919075144459e+02
1.366974063400576256e+02
1.366206896551724128e+02
1.362893982808022884e+02
1.364685714285714369e+02
1.363931623931623847e+02
1.362329545454545325e+02
1.364107648725212414e+02
1.362514124293785187e+02
1.360084507042253392e+02
1.359353932584269558e+02
1.361120448179271705e+02
1.362877094972066914e+02
1.361309192200557163e+02
1.360583333333333371e+02
1.362326869806094294e+02
1.364060773480663045e+02
1.365785123966942081e+02
1.365054945054945108e+02
1.365150684931506930e+02
1.361994535519125691e+02
1.361280653950953763e+02
1.358940217391304373e+02
1.360650406504065018e+02
1.362351351351351241e+02
1.364043126684636036e+02
1.365725806451612812e+02
1.366621983914209011e+02
1.368288770053476071e+02
1.369946666666666601e+02
1.367632978723404165e+02
1.364562334217506532e+02
1.363068783068783034e+02
1.364722955145118704e+02
1.364026315789473642e+02
1.361758530183726918e+02
1.360287958115183358e+02
1.359608355091383771e+02
1.358932291666666572e+02
1.360571428571428498e+02
1.359896373056994889e+02
1.361524547803617509e+02
1.360850515463917532e+02
1.360951156812339207e+02
1.358743589743589837e+02
1.357314578005115209e+02
1.358928571428571388e+02
1.359796437659033188e+02
1.359137055837563537e+02
1.360734177215189789e+02
1.360075757575757507e+02
1.360176322418136010e+02
1.358015075376884511e+02
1.356616541353383525e+02
1.353750000000000000e+02
1.350897755610972695e+02
1.350273631840796043e+02
1.351861042183622885e+02
1.350495049504950487e+02
1.352074074074074019e+02
1.353645320197044271e+02
1.353759213759213651e+02
1.355318627450980387e+02
1.353960880195598975e+02
1.352609756097560876e+02
1.350535279805352786e+02
1.348470873786407651e+02
1.348595641646489014e+02
1.349444444444444571e+02
1.348843373493975832e+02
1.346105769230769340e+02
1.343381294964028712e+02
1.344928229665071910e+02
1.346467780429594256e+02
1.344452380952380963e+02
1.342446555819477396e+02
1.343981042654028499e+02
1.341985815602836851e+02
1.340000000000000000e+02
1.341529411764705912e+02
1.343051643192488314e+02
1.341077283372365230e+02
1.342593457943925159e+02
1.342027972027971998e+02
1.340069767441860336e+02
1.337447795823665899e+02
1.334837962962963047e+02
1.336351039260970026e+02
1.335115207373272028e+02
1.335954022988505869e+02
1.335412844036697209e+02
1.332837528604119086e+02
1.333675799086757934e+02
1.335170842824601323e+02
1.336659090909090821e+02
1.338140589569161136e+02
1.336244343891402764e+02
1.337720090293453836e+02
1.339189189189189051e+02
1.337303370786516723e+02
1.334775784753363155e+02
1.333579418344519070e+02
1.331718750000000000e+02
1.333184855233853057e+02
1.334644444444444389e+02
1.336097560975609895e+02
1.336238938053097343e+02
1.336379690949227381e+02
1.337819383259911774e+02
1.335340659340659215e+02
1.334824561403508767e+02
1.332363238512035082e+02
1.333799126637554480e+02
1.331350762527233087e+02
1.331500000000000057e+02
1.329067245119305767e+02
1.326645021645021529e+02
1.328077753779697616e+02
1.327586206896551744e+02
1.329010752688172090e+02
1.327231759656652343e+02
1.324839400428265606e+02
1.322457264957265011e+02
1.320085287846481776e+02
1.319617021276595779e+02
1.317261146496815343e+02
1.314915254237288025e+02
1.313192389006342466e+02
1.314620253164557084e+02
1.314168421052631572e+02
1.315588235294117680e+02
1.317002096436058594e+02
1.318410041841004272e+02
1.319812108559498824e+02
1.321208333333333371e+02
1.322598752598752583e+02
1.323983402489626542e+02
1.325362318840579690e+02
1.323657024793388359e+02
1.322577319587628892e+02
1.323353909465020593e+02
1.322895277207392155e+02
1.324262295081967125e+02
1.322576687116564358e+02
1.322122448979591809e+02
1.323482688391038664e+02
1.324247967479674912e+02
1.321987829614604379e+02
1.319736842105263293e+02
1.317494949494949594e+02
1.317661290322580783e+02
1.319014084507042242e+02
1.317369477911646527e+02
1.316933867735471040e+02
1.315300000000000011e+02
1.313093812375249456e+02
1.311474103585657360e+02
1.309860834990059573e+02
1.308253968253968367e+02
1.306653465346534517e+02
1.305059288537549378e+02
1.302899408284023650e+02
1.301318897637795260e+02
1.300333988212180714e+02
1.301686274509803809e+02
1.303033268101761166e+02
1.303222656250000000e+02
1.301091617933723228e+02
1.302431906614785930e+02
1.303766990291262005e+02
1.305096899224806180e+02
1.306421663442939973e+02
1.306023166023165913e+02
1.307341040462427770e+02
1.308653846153846132e+02
1.309961612284069190e+02
1.310708812260536433e+02
1.308604206500955911e+02
1.309904580152671656e+02
1.308361904761904668e+02
1.309657794676806191e+02
1.308690702087286581e+02
1.307727272727272805e+02
1.308468809073723946e+02
1.307509433962264040e+02
1.305442561205273080e+02
1.305056390977443641e+02
1.306341463414634063e+02
1.307621722846442083e+02
1.308355140186915833e+02
1.306847014925373003e+02
1.308119180633147209e+02
1.309386617100371666e+02
1.310649350649350708e+02
1.309703703703703752e+02
1.310961182994454646e+02
1.312214022140221346e+02
1.312375690607734668e+02
1.310882352941176521e+02
1.311045871559633156e+02
1.311208791208791240e+02
1.309725776965265140e+02
1.308248175182481816e+02
1.308415300546448066e+02
1.308581818181818051e+02
1.308203266787658663e+02
1.309438405797101552e+02
1.308517179023508277e+02
1.307599277978339387e+02
1.308828828828828819e+02
1.308453237410072063e+02
1.308617594254937160e+02
1.308243727598566295e+02
1.306279069767441854e+02
1.304321428571428498e+02
1.305543672014260324e+02
1.304110320284697480e+02
1.302166962699822363e+02
1.300744680851063890e+02
1.298814159292035413e+02
1.298992932862190912e+02
1.300211640211640258e+02
1.298292253521126725e+02
1.297943760984182688e+02
1.297070175438596493e+02
1.297775831873905474e+02
1.297430069930069862e+02
1.298638743455497320e+02
1.297247386759581786e+02
1.296382608695652152e+02
1.297586805555555429e+02
1.298786828422877022e+02
1.299982698961937615e+02
1.299119170984455991e+02
1.300310344827586277e+02
1.298433734939759177e+02
1.298608247422680506e+02
1.299794168096054818e+02
1.299452054794520564e+02
1.300632478632478524e+02
1.301808873720136432e+02
1.299948892674616729e+02
1.301122448979591866e+02
1.302292020373514561e+02
1.303457627118644098e+02
1.302098138747884946e+02
1.303260135135135158e+02
1.304418212478920793e+02
1.305572390572390589e+02
1.305226890756302396e+02
1.305889261744966348e+02
1.305544388609715156e+02
1.304197324414715808e+02
1.303856427378964895e+02
1.305000000000000000e+02
1.306139767054908418e+02
1.307275747508305699e+02
1.308407960199004947e+02
1.307069536423840930e+02
1.308198347107438053e+02
1.307359735973597310e+02
1.308484349258649218e+02
1.309605263157894797e+02
1.307799671592775042e+02
1.306475409836065467e+02
1.307594108019639805e+02
1.306764705882353041e+02
1.306427406199021277e+02
1.306579804560260527e+02
1.305268292682926869e+02
1.306379870129870255e+02
1.305559157212317700e+02
1.306666666666666572e+02
1.305848142164781791e+02
1.305032258064516100e+02
1.305185185185185048e+02
1.304855305466238065e+02
1.305955056179775227e+02
1.307051282051282044e+02
1.305295999999999879e+02
1.304968051118210894e+02
1.306060606060605949e+02
1.307149681528662484e+02
1.307774244833068451e+02
1.306968253968254032e+02
1.308050713153724303e+02
1.307246835443037867e+02
1.306919431279620767e+02
1.307996845425867605e+02
1.309070866141732381e+02
1.309213836477987343e+02
1.309356357927786405e+02
1.310423197492162899e+02
1.309154929577464657e+02
1.310218749999999943e+02
1.311279251170046791e+02
1.310950155763239877e+02
1.310622083981337482e+02
1.309829192546583840e+02
1.310883720930232528e+02
1.311021671826625266e+02
1.312071097372488282e+02
1.310370370370370381e+02
1.311417565485362218e+02
1.310630769230769204e+02
1.309385560675883369e+02
1.309064417177914095e+02
1.310107197549770319e+02
1.311146788990825769e+02
1.309465648854961728e+02
1.310060975609756042e+02
1.308386605783865946e+02
1.307613981762918058e+02
1.307298937784522082e+02
1.305636363636363626e+02
1.304417549167927461e+02
1.305453172205438079e+02
1.306485671191553593e+02
1.307515060240963862e+02
1.308541353383458556e+02
1.309564564564564648e+02
1.308800599700149974e+02
1.309820359281437163e+02
1.310837070254110586e+02
1.309194029850746404e+02
1.308882265275707937e+02
1.309895833333333428e+02
1.308261515601783174e+02
1.307952522255192775e+02
1.306755555555555475e+02
1.305133136094674455e+02
1.304387001477104775e+02
1.304970501474926152e+02
1.303357879234168024e+02
1.304367647058823536e+02
1.304508076358296762e+02
1.305513196480938518e+02
1.305212298682284029e+02
1.306213450292397624e+02
1.305036496350365098e+02
1.303440233236151471e+02
1.303144104803493519e+02
1.303284883720930338e+02
1.304281567489114764e+02
1.305275362318840564e+02
1.306266280752532509e+02
1.305101156069364094e+02
1.306089466089466100e+02
1.305360230547550486e+02
1.304633093525179959e+02
1.303060344827586334e+02
1.301908177905308435e+02
1.301189111747850973e+02
1.302174535050071427e+02
1.303157142857142787e+02
1.302867332382311076e+02
1.303846153846153868e+02
1.304822190611664325e+02
1.305795454545454675e+02
1.306765957446808386e+02
1.307733711048158511e+02
1.308698727015558632e+02
1.307980225988700624e+02
1.306840620592383573e+02
1.307802816901408391e+02
1.306258790436005768e+02
1.307219101123595522e+02
1.307769985974754547e+02
1.308725490196078454e+02
1.308013986013986028e+02
1.308966480446927392e+02
1.307433751743375296e+02
1.308384401114206241e+02
1.308094575799721895e+02
1.309041666666666686e+02
1.309986130374479956e+02
1.310526315789473699e+02
1.309820193637621060e+02
1.310359116022099499e+02
1.311296551724138055e+02
1.312231404958677672e+02
1.313163686382393394e+02
1.314093406593406712e+02
1.315020576131687164e+02
1.313506849315068621e+02
1.311997264021887872e+02
1.312527322404371546e+02
1.312646657571623336e+02
1.312356948228882914e+02
1.310857142857142890e+02
1.309755434782608745e+02
1.310678426051560450e+02
1.309186991869918586e+02
1.308903924221921500e+02
1.307418918918918962e+02
1.306329284750337365e+02
1.307250673854447314e+02
1.308169582772543720e+02
1.306693548387096655e+02
1.306818791946308806e+02
1.307734584450402053e+02
1.308647925033467061e+02
1.309558823529411882e+02
1.310467289719626081e+02
1.309786666666666690e+02
1.308708388814913519e+02
1.309614361702127781e+02
1.308539176626825906e+02
1.309442970822281040e+02
1.310344370860927086e+02
1.311243386243386340e+02
1.310568031704095233e+02
1.310686015831134625e+02
1.311581027667984074e+02
1.312473684210526415e+02
1.313363994743758099e+02
1.314251968503936894e+02
1.313577981651376092e+02
1.312513089005235543e+02
1.313398692810457646e+02
1.311958224543080860e+02
1.312842242503259342e+02
1.311783854166666572e+02
1.312665799739922079e+02
1.312389610389610368e+02
1.311335927367055660e+02
1.309909326424870528e+02
1.310789133247089353e+02
1.309366925064599343e+02
1.309483870967741836e+02
1.308827319587628892e+02
1.308172458172458050e+02
1.307519280205655434e+02
1.308395378690628945e+02
1.309269230769230887e+02
1.310140845070422415e+02
1.311010230179028042e+02
1.311877394636015310e+02
1.311607142857142776e+02
1.310203821656050991e+02
1.309554707379134868e+02
1.308907242693773867e+02
1.307512690355329994e+02
1.308377693282636187e+02
1.306987341772151865e+02
1.307850821744627012e+02
1.306830808080808026e+02
1.307692307692307736e+02
1.307430730478589282e+02
1.308289308176100576e+02
1.309145728643215989e+02
1.307766624843161765e+02
1.308621553884711659e+02
1.308360450563203869e+02
1.307725000000000080e+02
1.308214731585518109e+02
1.309064837905236800e+02
1.309912826899128220e+02
1.310758706467661625e+02
1.311602484472049639e+02
1.312444168734491257e+02
1.313283767038413998e+02
1.311918316831683171e+02
1.312756489493201570e+02
1.313592592592592609e+02
1.314426633785450065e+02
1.314532019704433594e+02
1.315362853628536186e+02
1.316191646191646214e+02
1.316662576687116655e+02
1.317132352941176521e+02
1.316132190942472562e+02
1.314779951100244375e+02
1.314884004884004867e+02
1.315707317073170657e+02
1.314360535931790537e+02
1.315182481751824923e+02
1.316002430133657413e+02
1.314660194174757351e+02
1.315127272727272612e+02
1.315593220338982974e+02
1.314607013301088330e+02
1.314347826086956559e+02
1.315162846803377477e+02
1.315975903614457820e+02
1.314645006016847049e+02
1.313665865384615472e+02
1.314477791116446497e+02
1.315287769784172553e+02
1.315748502994011915e+02
1.316555023923444878e+02
1.315579450418159979e+02
1.316384248210023884e+02
1.317187127532777140e+02
1.316214285714285666e+02
1.315957193816884683e+02
1.314988123515439327e+02
1.315788849347568146e+02
1.314822274881516648e+02
1.314213017751479242e+02
1.315011820330969385e+02
1.315808736717827685e+02
1.314504716981132049e+02
1.315300353356890355e+02
1.314694117647058818e+02
1.315146886016451333e+02
1.314190140845070403e+02
1.314982415005861753e+02
1.314379391100702605e+02
1.314128654970760124e+02
1.312838785046728844e+02
1.312240373395565882e+02
1.311643356643356526e+02
1.311047729918509788e+02
1.311837209302325675e+02
1.311242740998838485e+02
1.310301624129930360e+02
1.311089223638470571e+02
1.310497685185185048e+02
1.310254335260115681e+02
1.311039260969976965e+02
1.310103806228373742e+02
1.308836405529953879e+02
1.308596087456846817e+02
1.309379310344827445e+02
1.310160734787600347e+02
1.309575688073394417e+02
1.310355097365406607e+02
1.311132723112128247e+02
1.311908571428571406e+02
1.311324200913242066e+02
1.312098061573546204e+02
1.312870159453302961e+02
1.313640500568828315e+02
1.312386363636363740e+02
1.313155505107831971e+02
1.312913832199546391e+02
1.312332955832389700e+02
1.312771493212669611e+02
1.312531073446327810e+02
1.313295711060948179e+02
1.312051860202931266e+02
1.310810810810810949e+02
1.311574803149606225e+02
1.312337078651685260e+02
1.311762065095398384e+02
1.311524663677130036e+02
1.312284434490481431e+02
1.313042505592841280e+02
1.313474860335195444e+02
1.312243303571428612e+02
1.311014492753623131e+02
1.311113585746102501e+02
1.310211345939933381e+02
1.310966666666666640e+02
1.311720310765815896e+02
1.311485587583148629e+02
1.312236987818383227e+02
1.311670353982300981e+02
1.312419889502762373e+02
1.313167770419426006e+02
1.313914002205071654e+02
1.314658590308370094e+02
1.314092409240924155e+02
1.314186813186813083e+02
1.313951701427003229e+02
1.314692982456140271e+02
1.315432639649507109e+02
1.315196936542669448e+02
1.314961748633879779e+02
1.315382096069868965e+02
1.314176663031624912e+02
1.314912854030501137e+02
1.315005440696409096e+02
1.315739130434782567e+02
1.316471226927253042e+02
1.317201735357917585e+02
1.317930660888407317e+02
1.317370129870129745e+02
1.317135135135135044e+02
1.316252699784017182e+02
1.316979503775620230e+02
1.317704741379310462e+02
1.318116254036598605e+02
1.318838709677419274e+02
1.319559613319011930e+02
1.320278969957081472e+02
1.320996784565916471e+02
1.321713062098501155e+02
1.320834224598930575e+02
1.320918803418803407e+02
1.320362860192102517e+02
1.321076759061833741e+02
1.321789137380191619e+02
1.322500000000000000e+02
1.321944739638682336e+02
1.322653927813163364e+02
1.321474019088016973e+02
1.321875000000000000e+02
1.322275132275132137e+02
1.322980972515856308e+02
1.322745512143611393e+02
1.321877637130801588e+02
1.322581664910431982e+02
1.323284210526315690e+02
1.322113564668769641e+02
1.322195378151260456e+02
1.321332633788037754e+02
1.322033542976939202e+02
1.321172774869110071e+02
1.321872384937238394e+02
1.322570532915360388e+02
1.322338204592902002e+02
1.323034410844629747e+02
1.323729166666666686e+02
1.323808532778355982e+02
1.324501039501039372e+02
1.323343717549325049e+02
1.322188796680497944e+02
1.322880829015544180e+02
1.321728778467908967e+02
1.320879007238883105e+02
1.320960743801652768e+02
1.321651186790505790e+02
1.320804123711340310e+02
1.321493305870236838e+02
1.322181069958847672e+02
1.321336073997944425e+02
1.321416837782340963e+02
1.322102564102564202e+02
1.321567622950819612e+02
1.322251791197543582e+02
1.322934560327198312e+02
1.321797752808988662e+02
1.322479591836734585e+02
1.323160040774719732e+02
1.322932790224032544e+02
1.323611393692777085e+02
1.322774390243902474e+02
1.323451776649746137e+02
1.322920892494929035e+02
1.323596757852077133e+02
1.324271255060728834e+02
1.323144590495450075e+02
1.322616161616161605e+02
1.322088799192734712e+02
1.322469758064516157e+02
1.321943605236656651e+02
1.321720321931589410e+02
1.322391959798995060e+02
1.321275100401606437e+02
1.321945837512537594e+02
1.322615230460921794e+02
1.321501501501501536e+02
1.322170000000000130e+02
