1.100000000000000000e+02
1.250000000000000000e+02
9.033333333333332860e+01
7.300000000000000000e+01
8.640000000000000568e+01
9.033333333333332860e+01
9.742857142857143060e+01
1.027500000000000000e+02
9.688888888888888573e+01
1.070999999999999943e+02
1.154545454545454533e+02
1.224166666666666714e+02
1.283076923076923208e+02
1.333571428571428612e+02
1.358000000000000114e+02
1.397500000000000000e+02
1.432352941176470722e+02
1.463333333333333428e+02
1.460000000000000000e+02
1.426999999999999886e+02
1.440000000000000000e+02
1.384090909090909065e+02
1.333043478260869676e+02
1.298333333333333428e+02
1.314399999999999977e+02
1.294615384615384528e+02
1.320370370370370381e+02
1.312500000000000000e+02
1.274482758620689680e+02
1.239000000000000057e+02
1.205806451612903203e+02
1.174687500000000000e+02
1.181515151515151558e+02
1.161470588235294059e+02
1.134285714285714306e+02
1.116666666666666714e+02
1.092162162162162105e+02
1.068947368421052602e+02
1.062051282051282044e+02
1.040750000000000028e+02
1.027560975609756042e+02
1.029285714285714306e+02
1.016976744186046488e+02
9.986363636363635976e+01
9.811111111111111427e+01
9.706521739130434412e+01
9.544680851063829152e+01
9.450000000000000000e+01
9.300000000000000000e+01
9.156000000000000227e+01
9.133333333333332860e+01
9.284615384615383959e+01
9.260377358490566735e+01
9.127777777777777146e+01
9.323636363636363455e+01
9.194642857142856940e+01
9.382456140350876694e+01
9.462068965517241281e+01
9.386440677966101021e+01
9.463333333333333997e+01
9.342622950819672667e+01
9.369354838709676869e+01
9.536507936507936734e+01
9.606250000000000000e+01
9.490769230769230091e+01
9.422727272727273373e+01
9.313432835820896116e+01
9.207352941176471006e+01
9.104347826086956275e+01
9.004285714285714448e+01
8.907042253521126440e+01
8.852777777777777146e+01
8.760273972602739434e+01
8.670270270270270885e+01
8.661333333333332973e+01
8.652631578947368496e+01
8.567532467532467422e+01
8.560256410256410220e+01
8.629113924050632534e+01
8.583750000000000568e+01
8.723456790123456983e+01
8.678048780487804947e+01
8.633734939759035854e+01
8.661904761904762040e+01
8.654117647058824048e+01
8.577906976744185386e+01
8.708045977011494188e+01
8.700000000000000000e+01
8.658426966292134352e+01
8.585555555555555429e+01
8.709890109890109500e+01
8.702173913043478137e+01
8.662365591397849585e+01
8.592553191489361097e+01
8.711578947368421666e+01
8.735416666666667140e+01
8.727835051546391298e+01
8.751020408163265074e+01
8.743434343434343248e+01
8.706000000000000227e+01
8.758415841584158557e+01
8.721568627450980671e+01
8.657281553398058804e+01
8.594230769230769340e+01
8.617142857142857792e+01
8.555660377358491075e+01
8.495327102803737773e+01
8.436111111111111427e+01
8.377981651376147454e+01
8.456363636363636260e+01
8.425225225225224790e+01
8.368750000000000000e+01
8.418584070796460139e+01
8.414912280701754810e+01
8.437391304347825383e+01
8.433620689655172953e+01
8.404273504273504614e+01
8.375423728813559876e+01
8.372268907563025664e+01
8.320000000000000284e+01
8.317355371900826810e+01
8.266393442622950261e+01
8.216260162601625439e+01
8.310483870967742348e+01
8.403199999999999648e+01
8.423809523809524080e+01
8.514173228346456312e+01
8.464062500000000000e+01
8.460465116279070230e+01
8.433846153846154436e+01
8.521374045801526620e+01
8.517424242424242209e+01
8.558646616541354035e+01
8.554477611940298232e+01
8.506666666666666288e+01
8.480882352941176805e+01
8.521167883211678884e+01
8.495652173913043725e+01
8.470503597122302608e+01
8.425000000000000000e+01
8.443262411347517116e+01
8.461267605633803157e+01
8.416783216783217370e+01
8.413888888888888573e+01
8.493103448275861922e+01
8.489726027397260566e+01
8.465986394557823758e+01
8.483108108108108070e+01
8.559731543624161532e+01
8.556000000000000227e+01
8.513245033112582405e+01
8.471052631578947967e+01
8.487581699346405628e+01
8.446103896103896602e+01
8.462580645161290249e+01
8.440384615384616041e+01
8.437579617834394696e+01
8.397468354430380089e+01
8.357861635220125152e+01
8.318750000000000000e+01
8.354037267080745721e+01
8.333333333333332860e+01
8.295092024539877684e+01
8.275000000000000000e+01
8.237575757575757507e+01
8.200602409638554491e+01
8.270658682634730496e+01
8.233928571428570820e+01
8.302958579881656931e+01
8.266470588235294770e+01
8.247368421052631504e+01
8.245930232558139039e+01
8.227167630057803649e+01
8.191954022988505812e+01
8.157142857142856940e+01
8.139204545454545325e+01
8.205649717514124575e+01
8.221348314606741781e+01
8.187150837988826879e+01
8.169444444444444287e+01
8.151933701657458187e+01
8.134615384615383959e+01
8.101639344262295594e+01
8.117391304347826519e+01
8.100540540540541201e+01
8.068279569892473546e+01
8.036363636363635976e+01
8.036170212765956933e+01
8.004761904761905100e+01
7.988947368421052886e+01
7.989005235602094501e+01
8.004687500000000000e+01
7.974093264248705282e+01
7.958762886597938291e+01
7.943589743589743080e+01
7.913775510204081343e+01
7.898984771573604746e+01
7.884343434343433898e+01
7.900000000000000000e+01
7.900499999999999545e+01
