5.000000000000000000e+01
3.550000000000000000e+01
6.033333333333333570e+01
5.050000000000000000e+01
6.840000000000000568e+01
6.050000000000000000e+01
5.485714285714285410e+01
5.062500000000000000e+01
4.733333333333333570e+01
6.250000000000000000e+01
6.409090909090909349e+01
6.050000000000000000e+01
5.969230769230769340e+01
5.900000000000000000e+01
5.839999999999999858e+01
5.975000000000000000e+01
6.094117647058823195e+01
6.200000000000000000e+01
6.452631578947368496e+01
6.979999999999999716e+01
7.595238095238094900e+01
7.477272727272726627e+01
7.630434782608695343e+01
7.895833333333332860e+01
8.376000000000000512e+01
8.819230769230769340e+01
9.229629629629629051e+01
9.610714285714286120e+01
9.965517241379311031e+01
1.029666666666666686e+02
1.060645161290322562e+02
1.089687500000000000e+02
1.116969696969697026e+02
1.098823529411764639e+02
1.124285714285714306e+02
1.148333333333333286e+02
1.171081081081081123e+02
1.192631578947368354e+02
1.213076923076923066e+02
1.232500000000000000e+02
1.250975609756097526e+02
1.261666666666666714e+02
1.257906976744186096e+02
1.274545454545454533e+02
1.264000000000000057e+02
1.279782608695652186e+02
1.263191489361702082e+02
1.278333333333333286e+02
1.268571428571428612e+02
1.283000000000000114e+02
1.273529411764705941e+02
1.270192307692307736e+02
1.283773584905660243e+02
1.296851851851851904e+02
1.287818181818181813e+02
1.300357142857142776e+02
1.312456140350877263e+02
1.324137931034482847e+02
1.330508474576271283e+02
1.316666666666666572e+02
1.303278688524590052e+02
1.309677419354838719e+02
1.320476190476190368e+02
1.307656250000000000e+02
1.299846153846153811e+02
1.292272727272727195e+02
1.302686567164179223e+02
1.308529411764705799e+02
1.301159420289855007e+02
1.310999999999999943e+02
1.320563380281690229e+02
1.329861111111111143e+02
1.318493150684931550e+02
1.327567567567567437e+02
1.324533333333333474e+02
1.333289473684210407e+02
1.341818181818181870e+02
1.350128205128205252e+02
1.358227848101265920e+02
1.358750000000000000e+02
1.348148148148148096e+02
1.355975609756097526e+02
1.363614457831325240e+02
1.371071428571428612e+02
1.378352941176470665e+02
1.371627906976744100e+02
1.361609195402298838e+02
1.351818181818181870e+02
1.342247191011235827e+02
1.349444444444444571e+02
1.356483516483516496e+02
1.356956521739130324e+02
1.360645161290322562e+02
1.367340425531915002e+02
1.361368421052631561e+02
1.367916666666666572e+02
1.362061855670103228e+02
1.362448979591836746e+02
1.362828282828282909e+02
1.369099999999999966e+02
1.363465346534653406e+02
1.369607843137254974e+02
1.364077669902912646e+02
1.358653846153846132e+02
1.359047619047618980e+02
1.365000000000000000e+02
1.368130841121495394e+02
1.373888888888888857e+02
1.371376146788990695e+02
1.366181818181818244e+02
1.371801801801801730e+02
1.377321428571428612e+02
1.382743362831858462e+02
1.388070175438596436e+02
1.382956521739130551e+02
1.380517241379310462e+02
1.375555555555555429e+02
1.370677966101694949e+02
1.360924369747899050e+02
1.361250000000000000e+02
1.366446280991735591e+02
1.371557377049180388e+02
1.376585365853658516e+02
1.376774193548387188e+02
1.381680000000000064e+02
1.381825396825396695e+02
1.384330708661417191e+02
1.386796875000000000e+02
1.391472868217054213e+02
1.389230769230769340e+02
1.387022900763358848e+02
1.382575757575757507e+02
1.373759398496240465e+02
1.371716417910447774e+02
1.376296296296296191e+02
1.380808823529411882e+02
1.372262773722627855e+02
1.376739130434782510e+02
1.381151079136690782e+02
1.385500000000000114e+02
1.383475177304964632e+02
1.377253521126760631e+02
1.371118881118881063e+02
1.375416666666666572e+02
1.379655172413793025e+02
1.377739726027397182e+02
1.381904761904762040e+02
1.377972972972972912e+02
1.382080536912751541e+02
1.386133333333333439e+02
1.386225165562914015e+02
1.378486842105263293e+02
1.382483660130718874e+02
1.386428571428571388e+02
1.390322580645161281e+02
1.394166666666666572e+02
1.397961783439490375e+02
1.392278481012658347e+02
1.396037735849056673e+02
1.392312499999999886e+02
1.392360248447205038e+02
1.396049382716049365e+02
1.399693251533742284e+02
1.399695121951219505e+02
1.403272727272727138e+02
1.406807228915662620e+02
1.408562874251497021e+02
1.404940476190476204e+02
1.399585798816568172e+02
1.403058823529411825e+02
1.406491228070175339e+02
1.401220930232558146e+02
1.402947976878612621e+02
1.406321839080459881e+02
1.409657142857142844e+02
1.412954545454545325e+02
1.416214689265536606e+02
1.419438202247191043e+02
1.422625698324022210e+02
1.425777777777777828e+02
1.428895027624309364e+02
1.431978021978021900e+02
1.435027322404371546e+02
1.438043478260869676e+02
1.434594594594594525e+02
1.434408602150537604e+02
1.437379679144385136e+02
1.440319148936170279e+02
1.435343915343915455e+02
1.431999999999999886e+02
1.427120418848167560e+02
1.422291666666666572e+02
1.425233160621761783e+02
1.423556701030927911e+02
1.426461538461538510e+02
1.429336734693877418e+02
1.424619289340101602e+02
1.422979797979797922e+02
1.425829145728643255e+02
1.428650000000000091e+02
1.424029850746268551e+02
1.426831683168316829e+02
1.429605911330049253e+02
1.432352941176470722e+02
1.435073170731707251e+02
1.437766990291262061e+02
1.440434782608695627e+02
1.443076923076923208e+02
1.445693779904306098e+02
1.448285714285714221e+02
1.450853080568720372e+02
1.450613207547169736e+02
1.450375586854460153e+02
1.452897196261682211e+02
1.455395348837209326e+02
1.457870370370370381e+02
1.460322580645161281e+02
1.458669724770642233e+02
1.461095890410958873e+02
1.463499999999999943e+02
1.465882352941176521e+02
1.468243243243243228e+02
1.470582959641255627e+02
1.472901785714285836e+02
1.475200000000000102e+02
1.477477876106194685e+02
1.473171806167400746e+02
1.474166666666666572e+02
1.476419213973799174e+02
1.470913043478260818e+02
1.473160173160173088e+02
1.475387931034482847e+02
1.477596566523605190e+02
1.479786324786324769e+02
1.481957446808510497e+02
1.484110169491525539e+02
1.486244725738396539e+02
1.488361344537815114e+02
1.490460251046025064e+02
1.492541666666666629e+02
1.494605809128630654e+02
1.496652892561983492e+02
1.498683127572016360e+02
1.500696721311475414e+02
1.502693877551020307e+02
1.497439024390243958e+02
1.499433198380566807e+02
1.501411290322580783e+02
1.503373493975903727e+02
1.501759999999999877e+02
1.497768924302788776e+02
1.499722222222222285e+02
1.499328063241106861e+02
1.501259842519685037e+02
1.503176470588235247e+02
1.505078125000000000e+02
1.506964980544747164e+02
1.508837209302325562e+02
1.510694980694980813e+02
1.509115384615384698e+02
1.509846743295019280e+02
1.507137404580152804e+02
1.508973384030418288e+02
1.510795454545454675e+02
1.511509433962264097e+02
1.513308270676691620e+02
1.511760299625468065e+02
1.511343283582089612e+02
1.510929368029739805e+02
1.512703703703703582e+02
1.514464944649446636e+02
1.516213235294117680e+02
1.517948717948717956e+02
1.516423357664233436e+02
1.518145454545454527e+02
1.516630434782608745e+02
1.518339350180505392e+02
1.513633093525179731e+02
1.513225806451612812e+02
1.514928571428571331e+02
1.516619217081850479e+02
1.514078014184397034e+02
1.515759717314487602e+02
1.516408450704225288e+02
1.513894736842105146e+02
1.510349650349650403e+02
1.512020905923344856e+02
1.513680555555555429e+02
1.515328719723183326e+02
1.516965517241379189e+02
1.514501718213058439e+02
1.516130136986301409e+02
1.517747440273037682e+02
1.519353741496598502e+02
1.520949152542372929e+02
1.518513513513513544e+02
1.520101010101010104e+02
1.521677852348993270e+02
1.523244147157190582e+02
1.518866666666666561e+02
1.515481727574750721e+02
1.517052980132450273e+02
1.513696369636963652e+02
1.515263157894736707e+02
1.511934426229508119e+02
1.513496732026143832e+02
1.515048859934853454e+02
1.515649350649350708e+02
1.517184466019417357e+02
1.518709677419354875e+02
1.516398713826366418e+02
1.514102564102564088e+02
1.515623003194888270e+02
1.511464968152866106e+02
1.512984126984127045e+02
1.514493670886076018e+02
1.515993690851734925e+02
1.517484276729559838e+02
1.518965517241379359e+02
1.520437499999999886e+02
1.518193146417445405e+02
1.519658385093167681e+02
1.521114551083591380e+02
1.522561728395061778e+02
1.519415384615384710e+02
1.518128834355828189e+02
1.519571865443425054e+02
1.517378048780487916e+02
1.518814589665653614e+02
1.520242424242424306e+02
1.518066465256797528e+02
1.517710843373494072e+02
1.519129129129129012e+02
1.520538922155688510e+02
1.517492537313432877e+02
1.516250000000000000e+02
1.517655786350148333e+02
1.518195266272189485e+02
1.519587020648967552e+02
1.515735294117646959e+02
1.514516129032257936e+02
1.512426900584795249e+02
1.509475218658892004e+02
1.508284883720930338e+02
1.509681159420289873e+02
1.508497109826589622e+02
1.507319884726224757e+02
1.508706896551724128e+02
1.510085959885386728e+02
1.511457142857142912e+02
1.510284900284900402e+02
1.511647727272727195e+02
1.508781869688385200e+02
1.510141242937853008e+02
1.511492957746478965e+02
1.512837078651685374e+02
1.509187675070027979e+02
1.510530726256983201e+02
1.507715877437325958e+02
1.506583333333333314e+02
1.503795013850415501e+02
1.505138121546961258e+02
1.506473829201102035e+02
1.505357142857142776e+02
1.506684931506849239e+02
1.503934426229508290e+02
1.500408719346048940e+02
1.496902173913043441e+02
1.498238482384823840e+02
1.499567567567567608e+02
1.500107816711590374e+02
1.501424731182795824e+02
1.502734584450402053e+02
1.502459893048128379e+02
1.502186666666666781e+02
1.501117021276595835e+02
1.499257294429708338e+02
1.499788359788359742e+02
1.501081794195250723e+02
1.497684210526315667e+02
1.497427821522309728e+02
1.494057591623036672e+02
1.495352480417754464e+02
1.496640625000000000e+02
1.497922077922077904e+02
1.495336787564766894e+02
1.494315245478036047e+02
1.495592783505154557e+02
1.493804627249357395e+02
1.493564102564102427e+02
1.491790281329923289e+02
1.493061224489795791e+02
1.494325699745546956e+02
1.495583756345177733e+02
1.493822784810126620e+02
1.491313131313131350e+02
1.492569269521410718e+02
1.489346733668341756e+02
1.490601503759398554e+02
1.491850000000000023e+02
1.493092269326683379e+02
1.494328358208955194e+02
1.495558312655086866e+02
1.496782178217821695e+02
1.498000000000000114e+02
1.498497536945812669e+02
1.498255528255528191e+02
1.495098039215686185e+02
1.492665036674816577e+02
1.489536585365853796e+02
1.490754257907542524e+02
1.491966019417475593e+02
1.489564164648910491e+02
1.490772946859903243e+02
1.489108433734939752e+02
1.490312500000000000e+02
1.491510791366906403e+02
1.492703349282296585e+02
1.493890214797135911e+02
1.492952380952380906e+02
1.491306413301662701e+02
1.492488151658767777e+02
1.493664302600472809e+02
1.494834905660377444e+02
1.495999999999999943e+02
1.497159624413145593e+02
1.497634660421545618e+02
1.495303738317757052e+02
1.496456876456876444e+02
1.496930232558139551e+02
1.494617169373549928e+02
1.495763888888888857e+02
1.494849884526558981e+02
1.495990783410138363e+02
1.497126436781609300e+02
1.498256880733945025e+02
1.497345537757437057e+02
1.498470319634703287e+02
1.499589977220956598e+02
1.499363636363636374e+02
1.500476190476190368e+02
1.498891402714932042e+02
1.500000000000000000e+02
1.501103603603603744e+02
1.502202247191011111e+02
1.503295964125560431e+02
1.504384787472035896e+02
1.505468750000000000e+02
1.506547884187082502e+02
1.505644444444444332e+02
1.506718403547671699e+02
1.507146017699114964e+02
1.508211920529801375e+02
1.509273127753303925e+02
1.510329670329670364e+02
1.511381578947368496e+02
1.512428884026258231e+02
1.513471615720524142e+02
1.514509803921568505e+02
1.515543478260869676e+02
1.513991323210412077e+02
1.515021645021645043e+02
1.516047516198703988e+02
1.515797413793103487e+02
1.514903225806451701e+02
1.514656652360515068e+02
1.515674518201284684e+02
1.516068376068376153e+02
1.517078891257995679e+02
1.518085106382978609e+02
1.517197452229299302e+02
1.518199152542372872e+02
1.519196617336152144e+02
1.520189873417721458e+02
1.518673684210526176e+02
1.519663865546218346e+02
1.520649895178196971e+02
1.521631799163180006e+02
1.522609603340292210e+02
1.523583333333333201e+02
1.522079002079001953e+02
1.523049792531120374e+02
1.520331262939958492e+02
1.517623966942148854e+02
1.515525773195876411e+02
1.516502057613168688e+02
1.513819301848049292e+02
1.512971311475409948e+02
1.513946830265848575e+02
1.512489795918367292e+02
1.513462321792260639e+02
1.514430894308943039e+02
1.515395537525355110e+02
1.516356275303643599e+02
1.517313131313131294e+02
1.518266129032257936e+02
1.518631790744466912e+02
1.519578313253012141e+02
1.520521042084168357e+02
1.518480000000000132e+02
1.519421157684630828e+02
1.519780876494023971e+02
1.520715705765407506e+02
1.521646825396825307e+02
1.522574257425742701e+02
1.520553359683794383e+02
1.517968441814595622e+02
1.518897637795275557e+02
1.518664047151277146e+02
1.519588235294117737e+02
1.520508806262230905e+02
1.521425781250000000e+02
1.522339181286549774e+02
1.523249027237354198e+02
1.524155339805825236e+02
1.525058139534883708e+02
1.525957446808510554e+02
1.523976833976834087e+02
1.524874759152215802e+02
1.522346153846153811e+02
1.523243761996161254e+02
1.520727969348658917e+02
1.518776290630975154e+02
1.519675572519084028e+02
1.520571428571428498e+02
1.519771863117870794e+02
1.520664136622390856e+02
1.519867424242424363e+02
1.520756143667296669e+02
1.521641509433962369e+02
1.522523540489642073e+02
1.523402255639097689e+02
1.524277673545966252e+02
1.525149812734082388e+02
1.523794392523364536e+02
1.524123134328358162e+02
1.524450651769087415e+02
1.525315985130111471e+02
1.526178107606679077e+02
1.525388888888888914e+02
1.525157116451016748e+02
1.526014760147601521e+02
1.526869244935543293e+02
1.526636029411764639e+02
1.526403669724770680e+02
1.527252747252747156e+02
1.527020109689213996e+02
1.527864963503649562e+02
1.528706739526411695e+02
1.529545454545454675e+02
1.530381125226860206e+02
1.531213768115941889e+02
1.532043399638336325e+02
1.532870036101083144e+02
1.531009009009009105e+02
1.531834532374100775e+02
1.532657091561939069e+02
1.533476702508960443e+02
1.534293381037567201e+02
1.534053571428571558e+02
1.534866310160427929e+02
1.533558718861210082e+02
1.531722912966252181e+02
1.529379432624113520e+02
1.527044247787610516e+02
1.525229681978798624e+02
1.526049382716049365e+02
1.525299295774647987e+02
1.524024604569420092e+02
1.524842105263157919e+02
1.525656742556917607e+02
1.523863636363636260e+02
1.522076788830715657e+02
1.522891986062717820e+02
1.523704347826086973e+02
1.524513888888888857e+02
1.525320623916811087e+02
1.526124567474048490e+02
1.526925734024179633e+02
1.527724137931034534e+02
1.526471600688468300e+02
1.526254295532646097e+02
1.526552315608919344e+02
1.527345890410958873e+02
1.528136752136752250e+02
1.528924914675768036e+02
1.529710391822827944e+02
1.530493197278911452e+02
1.528251273344652077e+02
1.527016949152542509e+02
1.527800338409475387e+02
1.526570945945945823e+02
1.525345699831366062e+02
1.526127946127946018e+02
1.525915966386554601e+02
1.524697986577181155e+02
1.522981574539363407e+02
1.523762541806020181e+02
1.522053422370617568e+02
1.522350000000000136e+02
1.523128119800332740e+02
1.521926910299003453e+02
1.519751243781094558e+02
1.517582781456953569e+02
1.516892561983470955e+02
1.517673267326732685e+02
1.518451400329489331e+02
1.519226973684210407e+02
1.519523809523809632e+02
1.520295081967213093e+02
1.518625204582651520e+02
1.518921568627451109e+02
1.519216965742251091e+02
1.519983713355048849e+02
1.520747967479674685e+02
1.521509740259740227e+02
1.519854132901134562e+02
1.520614886731391664e+02
1.519450726978998318e+02
1.520209677419354932e+02
1.520966183574879267e+02
1.520771704180064319e+02
1.521524879614767372e+02
1.521330128205128176e+02
1.519696000000000140e+02
1.520447284345048047e+02
1.521196172248803862e+02
1.521942675159235705e+02
1.520317965023847364e+02
1.521063492063491935e+02
1.521806656101426256e+02
1.522547468354430293e+02
1.523285939968404534e+02
1.524022082018927335e+02
1.524755905511811136e+02
1.525487421383647870e+02
1.526216640502354664e+02
1.526943573667711576e+02
1.526275430359937388e+02
1.526999999999999886e+02
1.525397815912636474e+02
1.526121495327102764e+02
1.526842923794712306e+02
1.527562111801242111e+02
1.525968992248062079e+02
1.524845201238390189e+02
1.524188562596599752e+02
1.524907407407407334e+02
1.524714946070878341e+02
1.525430769230769101e+02
1.524777265745007639e+02
1.525490797546012232e+02
1.526202143950995378e+02
1.526911314984709520e+02
1.527618320610687022e+02
1.528323170731707421e+02
1.527214611872146008e+02
1.527917933130699168e+02
1.528619119878603954e+02
1.529318181818181870e+02
1.530015128593040856e+02
1.530709969788519516e+02
1.531402714932126798e+02
1.532093373493976003e+02
1.530992481203007571e+02
1.531681681681681653e+02
1.532368815592203930e+02
1.533053892215568794e+02
1.533736920777279522e+02
1.534417910447761244e+02
1.535096870342771922e+02
1.535773809523809632e+02
1.536448736998514164e+02
1.537121661721068335e+02
1.537792592592592484e+02
1.538461538461538396e+02
1.539128508124076689e+02
1.539793510324483634e+02
1.539587628865979241e+02
1.540250000000000057e+02
1.540910425844346605e+02
1.541568914956011724e+02
1.542225475841873958e+02
1.542880116959064196e+02
1.543532846715328333e+02
1.544183673469387656e+02
1.542663755458515311e+02
1.542456395348837077e+02
1.543105950653120431e+02
1.543753623188405868e+02
1.544399421128798906e+02
1.543757225433525946e+02
1.544401154401154486e+02
1.545043227665705956e+02
1.544834532374100604e+02
1.545474137931034591e+02
1.546111908177905434e+02
1.546747851002865275e+02
1.547381974248927179e+02
1.548014285714285734e+02
1.548644793152639068e+02
1.549273504273504329e+02
1.549900426742532034e+02
1.550525568181818130e+02
1.551148936170212664e+02
1.551770538243626163e+02
1.552390381895332325e+02
1.553008474576271283e+02
1.553624823695345469e+02
1.554239436619718333e+02
1.554852320675105375e+02
1.555463483146067460e+02
1.556072931276297311e+02
1.556680672268907699e+02
1.557286713286713393e+02
1.557891061452513952e+02
1.558493723849372259e+02
1.559094707520891347e+02
1.559694019471488105e+02
1.560291666666666686e+02
1.560887656033287101e+02
1.561481994459833800e+02
1.560428769017980528e+02
1.561022099447513938e+02
1.561613793103448415e+02
1.561804407713498506e+02
1.562393397524071474e+02
1.561758241758241752e+02
1.562345679012345556e+02
1.560890410958904226e+02
1.559849521203830420e+02
1.560437158469945302e+02
1.561023192360163705e+02
1.561607629427792858e+02
1.560163265306122469e+02
1.560747282608695627e+02
1.560936227951153228e+02
1.561124661246612391e+02
1.561705006765899952e+02
1.562283783783783804e+02
1.562860998650472197e+02
1.561037735849056673e+02
1.559609690444145258e+02
1.559395161290322562e+02
1.558778523489932866e+02
1.559356568364611348e+02
1.558340026773761622e+02
1.558917112299465373e+02
1.559492656875834484e+02
1.560066666666666606e+02
1.560639147802929472e+02
1.561210106382978609e+02
1.561779548472775616e+02
1.562347480106100761e+02
1.562913907284768129e+02
1.563478835978835946e+02
1.564042272126816329e+02
1.564604221635883903e+02
1.565164690382081574e+02
1.565723684210526301e+02
1.566281208935611176e+02
1.566837270341207216e+02
1.567391874180864875e+02
1.567945026178010437e+02
1.568496732026143832e+02
1.569046997389033891e+02
1.569595827900912752e+02
1.570143229166666572e+02
1.570689206762028505e+02
1.571233766233766289e+02
1.570233463035019383e+02
1.570777202072538898e+02
1.571319534282018253e+02
1.571485788113695037e+02
1.572025806451612766e+02
1.570644329896907152e+02
1.571184041184041291e+02
1.571722365038560270e+02
1.572259306803594257e+02
1.570884615384615302e+02
1.571421254801536520e+02
1.571956521739130324e+02
1.570217113665389661e+02
1.570752551020408134e+02
1.571286624203821702e+02
1.571819338422391752e+02
1.572350698856416784e+02
1.572880710659898398e+02
1.573409378960709830e+02
1.573936708860759381e+02
1.574462705436156682e+02
1.574987373737373844e+02
1.575510718789407179e+02
1.576032745591939488e+02
1.576553459119496949e+02
1.574836683417085510e+02
1.575357590966123098e+02
1.575877192982456165e+02
1.576395494367959884e+02
1.576912499999999966e+02
1.575568039950062484e+02
1.576084788029925221e+02
1.576600249066002561e+02
1.577114427860696537e+02
1.577627329192546597e+02
1.578138957816377115e+02
1.578649318463444899e+02
1.579158415841584144e+02
1.579666254635352232e+02
1.578703703703703809e+02
1.579210850801479751e+02
1.579716748768472883e+02
1.580221402214022248e+02
1.580724815724815642e+02
1.581226993865030579e+02
1.581727941176470722e+02
1.582227662178702587e+02
1.582726161369193107e+02
1.583223443223443212e+02
1.583719512195121979e+02
1.583495736906211846e+02
1.583990267639902640e+02
1.584483596597812891e+02
1.583167475728155296e+02
1.583660606060606142e+02
1.584152542372881385e+02
1.584643288996372519e+02
1.585132850241545839e+02
1.585621230398070054e+02
1.584313253012048222e+02
1.583369434416365777e+02
1.583858173076923208e+02
1.584345738295318142e+02
1.584832134292566082e+02
1.585317365269461050e+02
1.585801435406698658e+02
1.586284348864994058e+02
1.586766109785202730e+02
1.586185935637663817e+02
1.586666666666666572e+02
1.586801426872770548e+02
1.585510688836104407e+02
1.585990510083036895e+02
1.586469194312796276e+02
1.586946745562130161e+02
1.587423167848699848e+02
1.587898465171192584e+02
1.588372641509433834e+02
1.588845700824499545e+02
1.589317647058823582e+02
1.589788484136310274e+02
1.590258215962441284e+02
1.590726846424384462e+02
1.589800936768149882e+02
1.588526315789473813e+02
1.588995327102803685e+02
1.588074679113185539e+02
1.588543123543123556e+02
1.587625145518044292e+02
1.587755813953488371e+02
1.588222996515679313e+02
1.588689095127610074e+02
1.589154113557358130e+02
1.589618055555555429e+02
1.590080924855491276e+02
1.590542725173210101e+02
1.588950403690888038e+02
1.589412442396313452e+02
1.589873417721518933e+02
1.589310344827586334e+02
1.589770378874856362e+02
1.590229357798165211e+02
1.590687285223367837e+02
1.591144164759725470e+02
1.591599999999999966e+02
1.592054794520547887e+02
1.592508551881414007e+02
1.590933940774487496e+02
1.591387940841865714e+02
1.589818181818181699e+02
1.590272417707151078e+02
1.590725623582766559e+02
1.591177802944507391e+02
1.590961538461538396e+02
1.591412429378531215e+02
1.591196388261851098e+02
1.591645997745208660e+02
1.592094594594594525e+02
1.592215973003374643e+02
1.592662921348314740e+02
1.593108866442199769e+02
1.593553811659192831e+02
1.593997760358342646e+02
1.594440715883668815e+02
1.594882681564245672e+02
1.595323660714285836e+02
1.595763656633221785e+02
1.596202672605790553e+02
1.596640711902113594e+02
1.597077777777777783e+02
1.597513873473917840e+02
1.597949002217294776e+02
1.598383167220376606e+02
1.598816371681415944e+02
1.599248618784530436e+02
1.599679911699779211e+02
1.600110253583241331e+02
1.600539647577092524e+02
1.600968096809681072e+02
1.601395604395604266e+02
1.601822173435784862e+02
1.602247807017543835e+02
1.602672508214676839e+02
1.601466083150984616e+02
1.601890710382513703e+02
1.602314410480349238e+02
1.601766630316248552e+02
1.602189542483660034e+02
1.602611534276387317e+02
1.603032608695652073e+02
1.603452768729641775e+02
1.603872017353579054e+02
1.604290357529794164e+02
1.604707792207792068e+02
1.605124324324324334e+02
1.605539956803455652e+02
1.605641855447680655e+02
1.605420258620689538e+02
1.605834230355220598e+02
1.606247311827956992e+02
1.605703544575725061e+02
1.606115879828326172e+02
1.606527331189710708e+02
1.606937901498929477e+02
1.607347593582887839e+02
1.607756410256410220e+02
1.608164354322305201e+02
1.608571428571428612e+02
1.608977635782747484e+02
1.609382978723404278e+02
1.609479277364505947e+02
1.609883227176220828e+02
1.610286320254506904e+02
1.610688559322033768e+02
1.611089947089947145e+02
1.611490486257928012e+02
1.610950369588173317e+02
1.611350210970464047e+02
1.611749209694415299e+02
1.612147368421052533e+02
1.612239747634069431e+02
1.612636554621848859e+02
1.613032528856243459e+02
1.611865828092243191e+02
1.612261780104712159e+02
1.612353556485355739e+02
1.612748171368860994e+02
1.613141962421711924e+02
1.613534932221063514e+02
1.613000000000000114e+02
1.613392299687825187e+02
1.612858627858627756e+02
1.611703011422637530e+02
1.610549792531120374e+02
1.609398963730569960e+02
1.608871635610765907e+02
1.608345398138573046e+02
1.608739669421487690e+02
1.609133126934984546e+02
1.609525773195876184e+02
1.609917610710607505e+02
1.610308641975308603e+02
1.610698869475847914e+02
1.609260780287474404e+02
1.609651282051281953e+02
1.610040983606557461e+02
1.610429887410440131e+02
1.610817995910020386e+02
1.611205311542390177e+02
1.610989795918367236e+02
1.609857288481141779e+02
1.609032586558044784e+02
1.608209562563581017e+02
1.608597560975609895e+02
1.608984771573604178e+02
1.609371196754563869e+02
1.609756838905774998e+02
1.610141700404858227e+02
1.610525783619818014e+02
1.610909090909090935e+02
1.611291624621594281e+02
1.611078629032257936e+02
1.611460221550856033e+02
1.611841046277666010e+02
1.611025125628140700e+02
1.611405622489959910e+02
1.611785356068204749e+02
1.611873747494989857e+02
1.612252252252252163e+02
1.612630000000000052e+02
