5.000000000000000000e+01
3.550000000000000000e+01
7.033333333333332860e+01
8.775000000000000000e+01
7.440000000000000568e+01
6.550000000000000000e+01
6.328571428571428470e+01
6.162500000000000000e+01
5.711111111111111427e+01
5.350000000000000000e+01
6.136363636363636687e+01
5.800000000000000000e+01
5.738461538461538680e+01
5.478571428571428470e+01
5.253333333333333144e+01
6.168750000000000000e+01
6.976470588235294201e+01
6.866666666666667140e+01
6.768421052631579471e+01
6.829999999999999716e+01
6.742857142857143060e+01
6.800000000000000000e+01
6.721739130434782794e+01
7.270833333333332860e+01
7.064000000000000057e+01
6.873076923076922640e+01
6.696296296296296191e+01
6.635714285714286120e+01
6.479310344827585766e+01
6.829999999999999716e+01
6.770967741935483275e+01
6.625000000000000000e+01
6.487878787878787534e+01
6.444117647058823195e+01
6.488571428571428612e+01
6.613888888888888573e+01
6.491891891891891930e+01
6.376315789473684248e+01
6.266666666666666430e+01
6.162500000000000000e+01
6.207317073170731447e+01
6.109523809523809490e+01
6.016279069767441712e+01
5.927272727272727337e+01
5.973333333333333428e+01
5.889130434782608603e+01
5.808510638297872219e+01
5.791666666666666430e+01
5.716326530612244738e+01
5.643999999999999773e+01
5.574509803921568363e+01
5.563461538461538680e+01
5.552830188679245538e+01
5.488888888888888573e+01
5.643636363636363740e+01
5.580357142857143060e+01
5.570175438596491091e+01
5.663793103448276156e+01
5.603389830508474745e+01
5.643333333333333002e+01
5.585245901639343913e+01
5.672580645161290391e+01
5.615873015873015817e+01
5.700000000000000000e+01
5.644615384615384812e+01
5.680303030303030454e+01
5.714925373134328623e+01
5.704411764705882604e+01
5.652173913043478137e+01
5.642857142857143060e+01
5.633802816901408761e+01
5.584722222222222143e+01
5.617808219178082396e+01
5.609459459459459651e+01
5.601333333333333542e+01
5.593421052631578760e+01
5.585714285714285410e+01
5.541025641025640880e+01
5.572151898734177422e+01
5.564999999999999858e+01
5.522222222222222143e+01
5.589024390243902474e+01
5.581927710843373802e+01
5.646428571428571530e+01
5.604705882352941160e+01
5.597674418604650981e+01
5.694252873563218742e+01
5.754545454545454675e+01
5.746067415730337302e+01
5.771111111111110858e+01
5.762637362637362770e+01
5.754347826086956275e+01
5.778494623655913642e+01
5.739361702127659726e+01
5.701052631578947683e+01
5.663541666666666430e+01
5.810309278350515427e+01
5.924489795918367463e+01
5.945454545454545325e+01
5.935999999999999943e+01
5.986138613861385949e+01
6.035294117647058698e+01
6.054368932038835283e+01
6.016346153846154010e+01
6.035238095238095468e+01
5.998113207547169878e+01
5.961682242990654146e+01
5.952777777777777857e+01
5.999082568807339300e+01
5.989999999999999858e+01
6.062162162162162105e+01
6.026785714285714590e+01
6.017699115044247549e+01
6.008771929824561653e+01
6.000000000000000000e+01
5.966379310344827758e+01
6.035042735042735274e+01
6.001694915254237372e+01
5.993277310924369772e+01
5.985000000000000142e+01
5.952892561983470898e+01
5.921311475409836333e+01
5.890243902439024737e+01
5.979838709677419217e+01
5.948799999999999955e+01
5.918253968253968367e+01
5.888188976377952599e+01
5.928125000000000000e+01
5.920930232558139750e+01
5.960000000000000142e+01
5.930534351145038130e+01
5.901515151515151558e+01
5.984962406015037573e+01
5.955970149253731449e+01
5.948888888888888715e+01
5.920588235294117396e+01
5.913868613138686214e+01
5.928985507246376585e+01
5.943884892086330751e+01
5.937142857142857366e+01
5.951773049645390046e+01
5.945070422535211208e+01
5.918181818181817988e+01
5.974305555555555713e+01
5.988275862068965694e+01
6.022602739726027465e+01
5.995918367346938993e+01
5.969594594594594383e+01
6.003355704697986539e+01
5.977333333333333343e+01
5.970860927152317998e+01
5.964473684210526017e+01
5.977777777777777857e+01
6.068181818181817988e+01
6.042580645161290676e+01
6.055128205128205110e+01
6.086624203821656209e+01
6.136708860759493689e+01
6.148427672955974543e+01
6.141250000000000142e+01
6.134161490683229800e+01
6.201234567901234840e+01
6.176073619631901579e+01
6.151219512195122263e+01
6.234545454545454390e+01
6.227108433734940007e+01
6.237724550898203546e+01
6.266071428571428470e+01
6.276331360946745264e+01
6.251764705882352757e+01
6.279532163742690187e+01
6.289534883720930480e+01
6.368208092485549088e+01
6.343678160919539977e+01
6.404571428571428271e+01
6.447727272727273373e+01
6.439548022598870602e+01
6.415168539325843255e+01
6.391061452513966401e+01
6.383333333333333570e+01
6.359668508287293065e+01
6.385164835164835040e+01
6.410382513661201642e+01
6.386956521739130466e+01
6.363783783783783576e+01
6.388709677419355160e+01
6.397326203208556450e+01
6.389893617021276384e+01
6.398412698412698063e+01
6.375789473684210407e+01
6.415706806282722141e+01
6.423958333333332860e+01
6.401554404145078081e+01
6.379381443298969145e+01
6.372307692307692406e+01
6.350510204081632537e+01
6.358883248730964510e+01
6.367171717171716949e+01
6.345728643216080656e+01
6.324499999999999744e+01
6.303482587064676324e+01
6.282673267326732969e+01
6.305911330049261210e+01
6.299509803921568363e+01
6.337073170731706995e+01
6.316504854368932342e+01
6.339130434782608603e+01
6.332692307692308020e+01
6.326315789473684248e+01
6.306190476190476346e+01
6.300000000000000000e+01
6.280188679245283367e+01
6.316431924882628834e+01
6.352336448598131113e+01
6.332558139534883423e+01
6.312962962962962621e+01
6.293548387096774377e+01
6.301376146788990695e+01
6.282191780821917604e+01
6.289999999999999858e+01
6.271040723981900555e+01
6.252252252252252163e+01
6.233632286995515415e+01
6.254910714285714590e+01
6.289333333333333087e+01
6.310176991150442660e+01
6.304405286343612147e+01
6.285964912280702066e+01
6.293449781659388975e+01
6.352608695652173765e+01
6.359740259740259916e+01
6.405603448275861922e+01
6.387124463519313622e+01
6.406837606837606813e+01
6.388510638297872646e+01
6.370338983050847759e+01
6.389873417721518933e+01
6.384033613445377853e+01
6.378242677824268014e+01
6.372500000000000142e+01
6.354771784232364951e+01
6.361570247933884303e+01
6.405349794238682648e+01
6.448770491803279015e+01
6.431020408163264790e+01
6.425203252032520140e+01
6.407692307692308020e+01
6.462096774193548754e+01
6.444578313253012425e+01
6.438800000000000523e+01
6.433067729083664688e+01
6.415873015873016527e+01
6.398814229249011731e+01
6.381889763779527414e+01
6.365098039215686043e+01
6.359765625000000000e+01
6.343190661478599424e+01
6.326744186046511942e+01
6.310424710424710071e+01
6.294230769230769340e+01
6.323754789272030763e+01
6.318702290076335970e+01
6.313688212927756638e+01
6.320075757575757791e+01
6.315094339622641684e+01
6.343984962406015171e+01
6.372659176029962680e+01
6.356716417910448058e+01
6.340892193308550162e+01
6.335925925925926094e+01
6.330996309963099833e+01
6.326102941176470296e+01
6.321245421245421170e+01
6.305839416058394420e+01
6.322909090909090679e+01
6.328985507246376585e+01
6.313718411552346765e+01
6.308992805755395494e+01
6.304301075268817556e+01
6.289285714285714590e+01
6.284697508896797302e+01
6.269858156028368512e+01
6.265371024734982086e+01
6.282042253521126440e+01
6.329824561403508909e+01
6.315034965034965353e+01
6.300348432055749015e+01
6.285763888888888573e+01
6.312456747404844037e+01
6.328620689655172526e+01
6.365292096219931040e+01
6.350684931506849296e+01
6.356313993174061494e+01
6.402380952380951840e+01
6.397627118644067679e+01
6.392905405405405617e+01
6.398316498316498269e+01
6.443624161073825007e+01
6.458862876254180208e+01
6.444333333333332803e+01
6.449501661129568220e+01
6.454635761589403842e+01
6.440264026402640241e+01
6.425986842105263008e+01
6.411803278688525154e+01
6.416993464052288232e+01
6.402931596091205790e+01
6.388961038961038952e+01
6.423300970873786753e+01
6.438064516129031745e+01
6.452733118971060833e+01
6.457692307692308020e+01
6.500638977635782112e+01
6.495859872611464425e+01
6.538412698412697921e+01
6.543037974683544178e+01
6.529022082018927620e+01
6.571069182389936714e+01
6.603761755485894014e+01
6.636249999999999716e+01
6.622118380062305221e+01
6.635714285714286120e+01
6.630650154798762230e+01
6.625617283950617775e+01
6.648307692307692207e+01
6.643251533742331105e+01
6.647400611620794564e+01
6.651524390243902474e+01
6.655623100303951389e+01
6.677878787878788103e+01
6.672809667673716660e+01
6.667771084337348952e+01
6.680780780780780503e+01
6.667065868263473760e+01
6.653432835820895264e+01
6.648511904761905100e+01
6.635014836795252791e+01
6.630177514792899274e+01
6.625368731563422386e+01
6.620588235294117396e+01
6.642228739002932514e+01
6.628947368421052033e+01
6.624198250728862547e+01
6.654360465116279499e+01
6.675652173913043441e+01
6.713872832369942500e+01
6.708933717579250811e+01
6.746839080459770344e+01
6.767621776504297770e+01
6.805142857142857338e+01
6.842450142450142891e+01
6.828977272727273373e+01
6.866005665722379092e+01
6.860734463276835982e+01
6.863943661971831034e+01
6.900561797752808957e+01
6.920448179271708966e+01
6.940223463687151195e+01
6.943175487465181561e+01
6.979166666666667140e+01
6.965650969529086467e+01
6.985082872928177267e+01
7.004407713498622456e+01
7.015384615384616041e+01
7.050684931506849296e+01
7.037158469945354966e+01
7.031607629427793427e+01
7.018206521739129755e+01
7.020867208672086690e+01
7.055675675675675507e+01
7.042318059299191191e+01
7.029032258064516725e+01
7.015817694369972912e+01
7.018449197860962840e+01
7.021066666666666833e+01
7.055319148936170848e+01
7.042175066312996989e+01
7.036772486772487412e+01
7.055145118733508980e+01
7.073421052631579187e+01
7.091601049868766893e+01
7.086125654450262346e+01
7.112010443864230069e+01
7.106510416666667140e+01
7.093506493506492916e+01
7.088082901554403747e+01
7.121188630490955518e+01
7.154123711340206171e+01
7.148586118251928667e+01
7.143076923076922924e+01
7.175703324808183936e+01
7.170153061224489477e+01
7.187531806615776020e+01
7.189593908629441898e+01
7.184050632911392142e+01
7.186111111111111427e+01
7.180604534005037465e+01
7.175125628140703782e+01
7.162406015037593932e+01
7.156999999999999318e+01
7.188778054862842737e+01
7.198258706467662194e+01
7.192803970223324939e+01
7.217079207920792783e+01
7.219012345679011844e+01
7.220935960591133096e+01
7.215479115479115535e+01
7.202941176470588402e+01
7.212224938875306179e+01
7.206829268292682400e+01
7.194403892944039569e+01
7.189077669902913215e+01
7.219854721549636167e+01
7.243478260869565588e+01
7.252530120481927156e+01
7.282932692307691980e+01
7.313189448441247009e+01
7.314832535885167886e+01
7.316467780429594825e+01
7.332380952380952976e+01
7.362232779097386981e+01
7.391943127962085214e+01
7.421513002364066836e+01
7.429952830188679513e+01
7.417411764705882149e+01
7.411737089201878348e+01
7.427166276346603979e+01
7.456308411214953935e+01
7.450582750582751146e+01
7.458837209302325277e+01
7.453132250580046048e+01
7.481944444444444287e+01
7.483140877598152940e+01
7.477419354838710319e+01
7.465057471264367450e+01
7.493577981651375808e+01
7.521967963386727263e+01
7.550228310502282625e+01
7.578359908883827245e+01
7.572499999999999432e+01
7.560090702947846353e+01
7.567873303167421284e+01
7.568848758465011883e+01
7.596621621621621046e+01
7.584269662921347788e+01
7.578475336322870248e+01
7.572706935123042626e+01
7.600223214285713880e+01
7.594432071269487494e+01
7.615333333333333599e+01
7.636141906873614005e+01
7.623893805309734262e+01
7.624724061810154296e+01
7.612555066079295329e+01
7.639560439560439420e+01
7.666447368421052033e+01
7.686870897155361604e+01
7.681004366812227602e+01
7.694771241830065378e+01
7.701956521739130324e+01
7.728416485900217481e+01
7.754761904761905100e+01
7.748812095032397451e+01
7.749353448275861922e+01
7.775483870967741495e+01
7.769527896995708716e+01
7.795503211991434966e+01
7.821367521367521647e+01
7.828144989339018878e+01
7.847659574468084998e+01
7.835456475583863778e+01
7.823305084745763338e+01
7.817336152219873213e+01
7.836708860759493689e+01
7.862105263157894797e+01
7.887394957983192967e+01
7.887631027253668492e+01
7.887866108786610653e+01
7.906889352818372174e+01
7.907083333333333997e+01
7.919750519750519402e+01
7.944605809128630369e+01
7.944720496894410644e+01
7.951033057851239505e+01
7.975670103092782881e+01
7.963580246913579685e+01
7.963655030800821066e+01
7.976024590163935102e+01
7.964008179959100175e+01
7.976326530612244881e+01
7.988594704684317094e+01
7.988617886178862193e+01
7.982555780933063261e+01
8.006680161943319263e+01
8.000606060606060055e+01
8.024596774193548754e+01
8.030583501006036329e+01
8.042570281124497455e+01
8.030661322645291023e+01
8.054399999999999693e+01
8.048303393213572576e+01
8.054183266932271579e+01
8.042345924453280759e+01
8.036309523809524080e+01
8.042178217821782482e+01
8.059881422924901528e+01
8.048126232741617514e+01
8.036417322834645915e+01
8.042239685658152837e+01
8.059803921568627061e+01
8.077299412915851917e+01
8.077148437500000000e+01
8.071150097465887541e+01
8.065175097276264182e+01
8.053592233009709389e+01
8.076550387596898872e+01
8.088007736943907844e+01
8.099420849420849322e+01
8.110789980732177185e+01
8.122115384615383959e+01
8.121880998080614233e+01
8.144444444444444287e+01
8.144168260038240703e+01
8.166603053435115100e+01
8.183428571428571274e+01
8.205703422053231577e+01
8.227893738140417668e+01
8.216287878787878185e+01
8.232892249527409945e+01
8.238113207547169736e+01
8.243314500941619372e+01
8.242857142857143060e+01
8.253658536585365368e+01
8.247565543071161187e+01
8.236074766355140753e+01
8.235634328358209189e+01
8.229608938547485764e+01
8.223605947955390150e+01
8.245269016697588427e+01
8.233888888888888857e+01
8.255452865064694379e+01
8.276937269372693606e+01
8.287476979742173455e+01
8.286948529411765207e+01
8.280917431192661127e+01
8.274908424908424820e+01
8.274405850091407899e+01
8.290328467153284464e+01
8.311475409836064898e+01
8.305454545454544757e+01
8.326497277676951114e+01
8.342210144927535964e+01
8.363110307414105193e+01
8.357039711191335130e+01
8.345765765765766275e+01
8.366546762589928221e+01
8.365888689407540824e+01
8.375985663082437327e+01
8.369946332737031014e+01
8.358750000000000568e+01
8.352762923351158975e+01
8.346797153024911609e+01
8.335701598579041161e+01
8.335106382978723616e+01
8.329203539823008384e+01
8.344522968197880175e+01
8.364902998236331655e+01
8.369542253521126440e+01
8.363620386643233928e+01
8.378771929824561937e+01
8.372854640980735041e+01
8.387937062937062649e+01
8.387260034904014105e+01
8.391811846689896015e+01
8.401565217391303975e+01
8.421527777777777146e+01
8.410571923743501088e+01
8.399653979238753720e+01
8.419516407599309105e+01
8.439310344827586619e+01
8.433390705679862265e+01
8.422508591065292194e+01
8.426929674099486078e+01
8.431335616438356340e+01
8.430598290598290134e+01
8.445221843003413653e+01
8.459795570698466349e+01
8.479251700680272563e+01
8.493718166383700918e+01
8.513050847457627412e+01
8.522335025380711215e+01
8.521452702702703164e+01
8.540640809443507919e+01
8.559764309764310042e+01
8.553781512605041826e+01
8.542953020134228836e+01
8.532160804020099931e+01
8.531270903010033635e+01
8.545409015025042265e+01
8.549500000000000455e+01
8.538768718801996727e+01
8.532890365448504610e+01
8.551741293532337806e+01
8.541059602649006877e+01
8.530413223140496370e+01
8.529537953795379224e+01
8.528665568369028449e+01
8.532730263157894512e+01
8.526929392446633926e+01
8.526065573770492279e+01
8.520294599018002657e+01
8.514542483660130756e+01
8.508809135399673096e+01
8.517752442996741991e+01
8.526666666666666572e+01
8.520941558441558072e+01
8.539384116693679516e+01
8.528964401294498998e+01
8.542649434571890765e+01
8.560967741935483843e+01
8.569726247987117063e+01
8.563987138263665599e+01
8.567897271268057580e+01
8.557532051282051100e+01
8.561440000000000339e+01
8.551118210862620117e+01
8.555023923444976219e+01
8.544745222929935835e+01
8.562798092209857259e+01
8.566666666666667140e+01
8.570522979397780716e+01
8.564873417721518933e+01
8.559241706161137131e+01
8.577129337539432186e+01
8.571496062992126497e+01
8.565880503144654767e+01
8.564992150706436291e+01
8.559404388714733614e+01
8.558528951486698588e+01
8.576250000000000284e+01
8.566146645865835296e+01
8.556074766355139616e+01
8.546034214618973124e+01
8.559161490683230511e+01
8.549147286821705904e+01
8.539164086687306110e+01
8.538330757341576316e+01
8.555864197530864601e+01
8.568875192604005520e+01
8.577230769230769170e+01
8.567281105990782919e+01
8.566411042944785947e+01
8.556508422664624902e+01
8.569418960244648531e+01
8.586717557251908772e+01
8.603963414634147000e+01
8.603044140030441156e+01
8.606686930091184706e+01
8.610318664643399700e+01
8.600454545454545041e+01
8.595007564296520286e+01
8.598640483383685762e+01
8.615686274509803866e+01
8.610240963855422081e+01
8.600451127819549413e+01
8.613063063063063396e+01
8.607646176911543989e+01
8.602245508982035460e+01
8.592526158445440387e+01
8.609402985074626713e+01
8.621907600596125576e+01
8.629910714285713880e+01
8.620208023774145545e+01
8.623738872403561118e+01
8.622814814814815065e+01
8.613165680473372277e+01
8.603545051698669965e+01
8.593952802359882526e+01
8.593078055964653572e+01
8.609705882352940876e+01
8.600146842878120879e+01
8.590615835777126108e+01
8.581112737920936695e+01
8.584649122807017818e+01
8.579416058394160416e+01
8.574198250728862547e+01
8.564774381368268052e+01
8.555377906976744384e+01
8.550217706821480590e+01
8.566666666666667140e+01
8.557308248914615945e+01
8.560838150289016824e+01
8.564357864357864969e+01
8.567867435158501621e+01
8.558561151079136664e+01
8.553448275862068328e+01
8.544189383070300892e+01
8.543409742120343253e+01
8.542632331902717624e+01
8.541857142857142549e+01
8.532667617689016026e+01
8.523504273504273954e+01
8.514366998577524726e+01
8.530539772727273373e+01
8.521418439716312321e+01
8.512322946175638094e+01
8.503253182461102710e+01
8.494209039548022133e+01
8.489280677009872988e+01
8.505352112676055754e+01
8.508860759493670400e+01
8.503932584269662698e+01
8.494950911640954416e+01
8.494257703081233046e+01
8.506153846153846132e+01
8.513826815642458712e+01
8.517294281729428462e+01
8.508356545961002837e+01
8.503477051460362190e+01
8.494583333333333997e+01
8.498058252427183845e+01
8.497368421052631504e+01
8.500829875518672907e+01
8.491988950276243031e+01
8.483172413793103317e+01
8.474380165289255729e+01
8.465612104539202676e+01
8.456868131868131400e+01
8.464471879286693934e+01
8.463835616438356624e+01
8.455129958960328906e+01
8.450409836065573188e+01
8.445702592087312155e+01
8.441008174386921326e+01
8.436326530612244312e+01
8.435733695652173481e+01
8.443283582089551942e+01
8.438617886178862193e+01
8.433964817320703844e+01
8.425405405405405190e+01
8.424831309041834970e+01
8.416307277628033034e+01
8.407806191117093420e+01
8.403225806451612812e+01
8.394765100671141056e+01
8.386327077747989733e+01
8.401740294511378693e+01
8.405213903743315029e+01
8.400667556742322972e+01
8.396133333333332871e+01
8.399600532623169613e+01
8.391223404255319451e+01
8.406507304116865953e+01
8.405968169761273145e+01
8.397615894039735451e+01
8.397089947089946804e+01
8.388771466314399561e+01
8.392216358839050372e+01
8.395652173913043725e+01
8.387368421052632073e+01
8.379106438896188536e+01
8.378608923884515036e+01
8.374180865006553631e+01
8.389267015706806774e+01
8.381045751633986640e+01
8.380548302872063005e+01
8.372359843546284708e+01
8.367968750000000000e+01
8.359817945383615267e+01
8.351688311688312183e+01
8.359014267185473557e+01
8.358549222797927314e+01
8.350452781371281219e+01
8.346124031007751398e+01
8.349548387096774604e+01
8.341494845360824684e+01
8.352638352638352615e+01
8.359897172236503593e+01
8.351861360718869776e+01
8.351410256410255784e+01
8.343405889884762416e+01
8.339130434782609314e+01
8.331162196679437670e+01
8.338392857142856940e+01
8.334140127388535291e+01
8.348854961832060440e+01
8.344599745870394258e+01
8.336675126903553235e+01
8.328770595690747314e+01
8.328354430379746987e+01
8.342983565107458332e+01
8.335101010101010388e+01
8.334678436317780381e+01
8.341813602015113815e+01
8.356352201257861623e+01
8.352135678391960028e+01
8.366624843161856973e+01
8.358771929824561653e+01
8.373216520650812811e+01
8.376500000000000057e+01
8.383520599250935845e+01
8.379301745635909526e+01
8.386301369863014088e+01
8.393283582089551942e+01
8.385465838509317393e+01
8.377667493796525378e+01
8.373482032218092286e+01
8.365717821782178021e+01
8.372682323856612641e+01
8.379629629629629051e+01
8.371886559802712213e+01
8.364162561576354449e+01
8.363714637146371444e+01
8.366953316953316744e+01
8.362822085889570189e+01
8.358700980392157476e+01
8.358261933904529428e+01
8.350611246943765309e+01
8.346520146520146000e+01
8.338902439024390389e+01
8.338489646772228525e+01
8.330900243309002917e+01
8.334143377885783366e+01
8.326577669902913215e+01
8.329818181818181699e+01
8.329418886198547511e+01
8.325392986698911102e+01
8.325000000000000000e+01
8.320989143546441369e+01
8.313493975903614341e+01
8.306016847172081441e+01
8.302043269230769340e+01
8.298079231692676672e+01
8.290647482014388459e+01
8.286706586826346665e+01
8.282775119617224391e+01
8.282437275985662950e+01
8.278520286396181405e+01
8.274612634088200025e+01
8.267261904761905100e+01
8.281093935790725880e+01
8.277197149643706098e+01
8.280427046263345403e+01
8.290758293838862869e+01
8.290414201183432397e+01
8.286524822695035652e+01
8.282644628099173190e+01
8.292924528301887221e+01
8.292579505300354015e+01
8.285294117647059409e+01
8.278025851938895130e+01
8.274178403755868771e+01
8.270339976553340477e+01
8.263114754098360493e+01
8.259298245614034784e+01
8.255490654205607370e+01
8.251691948658110221e+01
8.254895104895105362e+01
8.251105937136205171e+01
8.247325581395348593e+01
8.240185830429733471e+01
8.253712296983758279e+01
8.246581691772885847e+01
8.242824074074074758e+01
8.239075144508670689e+01
8.238799076212471562e+01
8.241983852364475638e+01
8.234907834101382207e+01
8.227848101265823288e+01
8.224137931034482563e+01
8.220436280137772656e+01
8.213417431192659990e+01
8.206414662084765155e+01
8.202745995423340730e+01
8.195771428571428885e+01
8.192123287671232390e+01
8.185176738882553593e+01
8.184965831435079053e+01
8.184755403868031465e+01
8.184545454545454390e+01
8.177639046538024559e+01
8.170748299319727437e+01
8.163873159682898972e+01
8.163687782805429549e+01
8.156836158192091091e+01
8.150000000000000000e+01
8.143179255918828119e+01
8.136373873873873208e+01
8.129583802024747285e+01
8.132808988764044500e+01
8.129292929292928704e+01
8.122533632286994987e+01
8.119036954087346203e+01
8.112304250559283503e+01
8.108826815642457575e+01
8.118750000000000000e+01
8.125306577480490944e+01
8.121826280623608341e+01
8.121690767519466192e+01
8.115000000000000568e+01
8.114872364039955244e+01
8.127937915742793962e+01
8.127796234772978323e+01
8.124336283185840557e+01
8.134143646408840311e+01
8.130684326710816379e+01
8.127232635060639154e+01
8.120594713656387853e+01
8.130363036303630508e+01
8.143296703296702788e+01
8.156201975850713382e+01
8.149561403508772628e+01
8.162431544359255042e+01
8.168818380743982743e+01
8.162185792349727365e+01
8.155567685589520011e+01
8.152126499454743680e+01
8.148692810457515634e+01
8.142110990206747090e+01
8.141956521739130892e+01
8.135396308360478201e+01
8.131995661605206749e+01
8.138353196099674847e+01
8.147943722943722378e+01
8.157513513513514170e+01
8.150971922246220913e+01
8.144444444444444287e+01
8.141056034482758719e+01
8.134553283100107990e+01
8.147204301075268518e+01
8.147046186895811104e+01
8.140557939914162944e+01
8.137191854233654453e+01
8.133832976445395957e+01
8.130481283422460592e+01
8.130341880341880767e+01
8.123906083244396825e+01
8.120575692963753056e+01
8.120447284345047478e+01
8.114042553191490015e+01
8.107651434643996424e+01
8.101273885350317983e+01
8.097985153764581412e+01
8.094703389830507945e+01
8.088359788359788638e+01
8.082029598308668028e+01
8.081942977824709828e+01
8.078691983122362785e+01
8.078609062170706068e+01
8.078526315789473244e+01
8.075289169295479041e+01
8.084663865546218631e+01
8.087722980062959266e+01
8.093920335429768897e+01
8.087643979057591537e+01
8.087552301255230702e+01
8.084326018808776837e+01
8.081106471816283943e+01
8.074869655891554032e+01
8.074791666666666856e+01
8.068574401664932338e+01
8.065384615384616041e+01
8.062201453790238759e+01
8.059024896265560756e+01
8.062072538860103066e+01
8.074327122153209757e+01
8.068148914167528574e+01
8.061983471074380248e+01
8.055830753353973250e+01
8.052680412371134366e+01
8.055715756951596518e+01
8.049588477366255290e+01
8.046454265159300689e+01
8.055646817248459968e+01
8.049538461538460865e+01
8.043442622950819043e+01
8.037359263050153402e+01
8.040388548057259754e+01
8.034320735444330808e+01
8.031224489795918942e+01
8.031192660550458129e+01
8.028105906313645335e+01
8.025025432349949028e+01
8.019004065040650175e+01
8.031065989847715514e+01
8.040162271805273519e+01
8.043161094224923602e+01
8.037145748987853722e+01
8.031142568250758984e+01
8.031111111111111711e+01
8.025126135216952150e+01
8.019153225806451246e+01
8.013192346424975199e+01
8.013179074446679806e+01
8.010150753768844822e+01
8.013152610441767365e+01
8.010130391173520081e+01
8.004208416833667172e+01
7.998298298298298903e+01
7.995300000000000296e+01
