2.200000000000000000e+01
5.150000000000000000e+01
4.166666666666666430e+01
4.400000000000000000e+01
3.960000000000000142e+01
3.666666666666666430e+01
3.871428571428571530e+01
4.400000000000000000e+01
4.155555555555555713e+01
4.850000000000000000e+01
4.872727272727272663e+01
4.650000000000000000e+01
4.461538461538461320e+01
4.300000000000000000e+01
4.753333333333333144e+01
4.775000000000000000e+01
4.623529411764705799e+01
4.650000000000000000e+01
4.831578947368421240e+01
4.700000000000000000e+01
4.580952380952381020e+01
4.472727272727272663e+01
4.373913043478260931e+01
4.283333333333333570e+01
4.200000000000000000e+01
4.234615384615384670e+01
4.377777777777777857e+01
4.300000000000000000e+01
4.327586206896551602e+01
4.256666666666666998e+01
4.283870967741935232e+01
4.218750000000000000e+01
4.157575757575757791e+01
4.361764705882352899e+01
4.300000000000000000e+01
4.322222222222222143e+01
4.264864864864864558e+01
4.210526315789473983e+01
4.310256410256410220e+01
4.257500000000000284e+01
4.570731707317073500e+01
4.514285714285714590e+01
4.527906976744186096e+01
4.540909090909090651e+01
4.753333333333333144e+01
4.956521739130435122e+01
4.897872340425531945e+01
4.841666666666666430e+01
4.787755102040816269e+01
4.793999999999999773e+01
4.743137254901960631e+01
4.694230769230769340e+01
4.647169811320754462e+01
4.601851851851851904e+01
4.558181818181817846e+01
4.516071428571428470e+01
4.526315789473684248e+01
4.743103448275861922e+01
4.749152542372881669e+01
4.706666666666666998e+01
4.762295081967213406e+01
4.816129032258064768e+01
4.774603174603174693e+01
4.779687500000000000e+01
4.784615384615384670e+01
4.789393939393939092e+01
4.928358208955224029e+01
4.930882352941176805e+01
4.976811594202898448e+01
4.937142857142857366e+01
4.939436619718309629e+01
4.901388888888888573e+01
4.904109589041095774e+01
4.947297297297297547e+01
4.910666666666666913e+01
4.875000000000000000e+01
4.840259740259740084e+01
4.843589743589743790e+01
4.810126582278481067e+01
4.926250000000000284e+01
5.112345679012345556e+01
5.112195121951219789e+01
5.077108433734940007e+01
5.042857142857143060e+01
5.114117647058823479e+01
5.080232558139535115e+01
5.149425287356321945e+01
5.148863636363636687e+01
5.315730337078651502e+01
5.281111111111111001e+01
5.279120879120878840e+01
5.245652173913043725e+01
5.212903225806451957e+01
5.180851063829787506e+01
5.149473684210526159e+01
5.118750000000000000e+01
5.149484536082474051e+01
5.119387755102040671e+01
5.089898989898989612e+01
5.089999999999999858e+01
5.061386138613861618e+01
5.033333333333333570e+01
5.150485436893203683e+01
5.178846153846154010e+01
5.150476190476190652e+01
5.122641509433962170e+01
5.178504672897196315e+01
5.150925925925925952e+01
5.123853211009174657e+01
5.097272727272727622e+01
5.231531531531531698e+01
5.310714285714285410e+01
5.283185840707964331e+01
5.307894736842105488e+01
5.280869565217390971e+01
5.331034482758620641e+01
5.456410256410256210e+01
5.428813559322033910e+01
5.401680672268907557e+01
5.375000000000000000e+01
5.372727272727272663e+01
5.444262295081967551e+01
5.417886178861788693e+01
5.391935483870967971e+01
5.413600000000000279e+01
5.458730158730158877e+01
5.479527559055117791e+01
5.453906250000000000e+01
5.428682170542635532e+01
5.472307692307692406e+01
5.447328244274809350e+01
5.422727272727272663e+01
5.398496240601503615e+01
5.396268656716417667e+01
5.394074074074074332e+01
5.391911764705882604e+01
5.368613138686131236e+01
5.345652173913043725e+01
5.323021582733812807e+01
5.342857142857143060e+01
5.341134751773049771e+01
5.319014084507042384e+01
5.317482517482517324e+01
5.336805555555555713e+01
5.397241379310344911e+01
5.415753424657534509e+01
5.393877551020408134e+01
5.391891891891891930e+01
5.430201342281878851e+01
5.408666666666666600e+01
5.426490066225165521e+01
5.444078947368421240e+01
5.422875816993464326e+01
5.401948051948051699e+01
5.381290322580645125e+01
5.379487179487179560e+01
5.396815286624203623e+01
5.394936708860759467e+01
5.374842767295597667e+01
5.373125000000000284e+01
5.353416149068323193e+01
5.388888888888888573e+01
5.387116564417178211e+01
5.440243902439024737e+01
5.420606060606060339e+01
5.436746987951806886e+01
5.417365269461078015e+01
5.398214285714285410e+01
5.414201183431952558e+01
5.465294117647059124e+01
5.463157894736841769e+01
5.461046511627907307e+01
5.442196531791907432e+01
5.440229885057470938e+01
5.472571428571428243e+01
5.453977272727272663e+01
5.468926553672316260e+01
5.450561797752808957e+01
5.498882681564246155e+01
5.480555555555555713e+01
5.478453038674032882e+01
5.460439560439560580e+01
5.524043715846994473e+01
5.505978260869564878e+01
5.584324324324324351e+01
5.581720430107527164e+01
5.563636363636363313e+01
5.545744680851063890e+01
5.543386243386243706e+01
5.541052631578947540e+01
5.538743455497382229e+01
5.536458333333333570e+01
5.534196891191709966e+01
5.531958762886598180e+01
5.514871794871795174e+01
5.528061224489795933e+01
5.556345177664974955e+01
5.584343434343434609e+01
5.567336683417085652e+01
5.564999999999999858e+01
5.562686567164178797e+01
5.575247524752474959e+01
5.558620689655172242e+01
5.542156862745098067e+01
5.525853658536585300e+01
5.509708737864077932e+01
5.522222222222222143e+01
5.506250000000000000e+01
5.547368421052631504e+01
5.531428571428571672e+01
5.543601895734597207e+01
5.541509433962264097e+01
5.525821596244131229e+01
5.510280373831776046e+01
5.494883720930232585e+01
5.479629629629629761e+01
5.477880184331797153e+01
5.462844036697247674e+01
5.447945205479452113e+01
5.433181818181817846e+01
5.431674208144796268e+01
5.417117117117117431e+01
5.415695067264574192e+01
5.414285714285714590e+01
5.412888888888888772e+01
5.398672566371681114e+01
5.397356828193832712e+01
5.383333333333333570e+01
5.369432314410480700e+01
5.381304347826087309e+01
5.367532467532467422e+01
5.353879310344827758e+01
5.352789699570815429e+01
5.402991452991452803e+01
5.401702127659574160e+01
5.388135593220339103e+01
5.374683544303797333e+01
5.373529411764705799e+01
5.434728033472803332e+01
5.458333333333333570e+01
5.456846473029045796e+01
5.455371900826446563e+01
5.441975308641975317e+01
5.440573770491803174e+01
5.427346938775509955e+01
5.486585365853658658e+01
5.473279352226720817e+01
5.495967741935483986e+01
5.482730923694779079e+01
5.481199999999999761e+01
5.479681274900398336e+01
5.466666666666666430e+01
5.488932806324110913e+01
5.534645669291338521e+01
5.532941176470588118e+01
5.519921875000000000e+01
5.507003891050583633e+01
5.505426356589147474e+01
5.492664092664092834e+01
5.479999999999999716e+01
5.478544061302682167e+01
5.477099236641221580e+01
5.464638783269961664e+01
5.474621212121212466e+01
5.507169811320754604e+01
5.494736842105263008e+01
5.493258426966291808e+01
5.480970149253731449e+01
5.501858736059479327e+01
5.555555555555555713e+01
5.543173431734317091e+01
5.530882352941176805e+01
5.518681318681318970e+01
5.506569343065693545e+01
5.505090909090909435e+01
5.525362318840579690e+01
5.556317689530686010e+01
5.544244604316546798e+01
5.532258064516128826e+01
5.530714285714285694e+01
5.539857651245551295e+01
5.528014184397163433e+01
5.516254416961130858e+01
5.546478873239436780e+01
5.544912280701754526e+01
5.533216783216783341e+01
5.531707317073171026e+01
5.530208333333333570e+01
5.528719723183390755e+01
5.517241379310344485e+01
5.505841924398625764e+01
5.494520547945205635e+01
5.483276450511945654e+01
5.492176870748298967e+01
5.481016949152542139e+01
5.489864864864864558e+01
5.508754208754209003e+01
5.497651006711409138e+01
5.486622073578595149e+01
5.475666666666666771e+01
5.464784053156146371e+01
5.512913907284768555e+01
5.501980198019801804e+01
5.491118421052631504e+01
5.489836065573770441e+01
5.479084967320261512e+01
5.468403908794788038e+01
5.457792207792207506e+01
5.466343042071197544e+01
5.474838709677419502e+01
5.473633440514469584e+01
5.463141025641025550e+01
5.452715654952076818e+01
5.470700636942675033e+01
5.460317460317460103e+01
5.450000000000000000e+01
5.439747634069400561e+01
5.429559748427672616e+01
5.428526645768025105e+01
5.418437500000000284e+01
5.436137071651090480e+01
5.426086956521739069e+01
5.434365325077399689e+01
5.479320987654320874e+01
5.487384615384615216e+01
5.486196319018404921e+01
5.476146788990825343e+01
5.466158536585366079e+01
5.456231003039513894e+01
5.473333333333333428e+01
5.499395770392749228e+01
5.489457831325301385e+01
5.479579579579579729e+01
5.478443113772455320e+01
5.468656716417910246e+01
5.458928571428571530e+01
5.466765578635014577e+01
5.474556213017751816e+01
5.464896755162241959e+01
5.472647058823529420e+01
5.463049853372434228e+01
5.461988304093567592e+01
5.478425655976676723e+01
5.486046511627907307e+01
5.476521739130434696e+01
5.475433526011561014e+01
5.465994236311239263e+01
5.456609195402298695e+01
5.447277936962750999e+01
5.438000000000000256e+01
5.462678062678062929e+01
5.495738636363636687e+01
5.486402266288951779e+01
5.485310734463276816e+01
5.484225352112675722e+01
5.483146067415730585e+01
5.523809523809524080e+01
5.514525139664804243e+01
5.530083565459609929e+01
5.520833333333333570e+01
5.527977839335179766e+01
5.518784530386740528e+01
5.509641873278236801e+01
5.516758241758241610e+01
5.515616438356164508e+01
5.506557377049180246e+01
5.497547683923706074e+01
5.488586956521739069e+01
5.479674796747967491e+01
5.470810810810810665e+01
5.461994609164420211e+01
5.453225806451612812e+01
5.444504021447720987e+01
5.435828877005347692e+01
5.434933333333333394e+01
5.434042553191489588e+01
5.425464190981432466e+01
5.416931216931217108e+01
5.424010554089709757e+01
5.431052631578947398e+01
5.430183727034120977e+01
5.437172774869110015e+01
5.451958224543081144e+01
5.458854166666666430e+01
5.450389610389610340e+01
5.449481865284974447e+01
5.441085271317829353e+01
5.440206185567010522e+01
5.439331619537274776e+01
5.469230769230769340e+01
5.460869565217391397e+01
5.475255102040816269e+01
5.497201017811704560e+01
5.519035532994924154e+01
5.517974683544304071e+01
5.547222222222222143e+01
5.561209068010075640e+01
5.567587939698492505e+01
5.566416040100250484e+01
5.595250000000000057e+01
5.586783042394014842e+01
5.585572139303482686e+01
5.577171215880893129e+01
5.590841584158415856e+01
5.582469135802469395e+01
5.610837438423645551e+01
5.609582309582309279e+01
5.601225490196078738e+01
5.592909535452322700e+01
5.584634146341463179e+01
5.576399026763990463e+01
5.568203883495145590e+01
5.560048426150120804e+01
5.551932367149758107e+01
5.543855421686747320e+01
5.535817307692308020e+01
5.549160671462829697e+01
5.562440191387560162e+01
5.554415274463006824e+01
5.567619047619047734e+01
5.559619952494061579e+01
5.565639810426540635e+01
5.557683215130023768e+01
5.556603773584905781e+01
5.590588235294117680e+01
5.589436619718309629e+01
5.581498829039812648e+01
5.587383177570093551e+01
5.579487179487179560e+01
5.571627906976744526e+01
5.584454756380510787e+01
5.576620370370370239e+01
5.575519630484988198e+01
5.602073732718893950e+01
5.614712643678161186e+01
5.606880733944954187e+01
5.599084668192219993e+01
5.591324200913241782e+01
5.583599088838268898e+01
5.582500000000000284e+01
5.581405895691609942e+01
5.587104072398189913e+01
5.579458239277652609e+01
5.578378378378378244e+01
5.570786516853932824e+01
5.569730941704035843e+01
5.562192393736017948e+01
5.554687500000000000e+01
5.547216035634743747e+01
5.539777777777777601e+01
5.532372505543236940e+01
5.531415929203539861e+01
5.524061810154525176e+01
5.523127753303964482e+01
5.515824175824175768e+01
5.508552631578947256e+01
5.514223194748358736e+01
5.506986899563318616e+01
5.512636165577342240e+01
5.505434782608695343e+01
5.498264642082429532e+01
5.497402597402597735e+01
5.496544276457883171e+01
5.489439655172413524e+01
5.520645161290322278e+01
5.519742489270386443e+01
5.525267665952890894e+01
5.524358974358974450e+01
5.523454157782516205e+01
5.516382978723404307e+01
5.540976645435244308e+01
5.533898305084746028e+01
5.526849894291754595e+01
5.519831223628691674e+01
5.512842105263158032e+01
5.511974789915966255e+01
5.505031446540880324e+01
5.504184100418409997e+01
5.497286012526095789e+01
5.490416666666666856e+01
5.502079002079002379e+01
5.495228215767635049e+01
5.494409937888198669e+01
5.493595041322313932e+01
5.486804123711340253e+01
5.510699588477366007e+01
5.528336755646817124e+01
5.533606557377049029e+01
5.526789366053169772e+01
5.532040816326530575e+01
5.525254582484725319e+01
5.518495934959349825e+01
5.523732251521298053e+01
5.517004048582995779e+01
5.516161616161615910e+01
5.545362903225806406e+01
5.538631790744467054e+01
5.537751004016064371e+01
5.531062124248497014e+01
5.524399999999999977e+01
5.517764471057883924e+01
5.516932270916334602e+01
5.516103379721670308e+01
5.509523809523809490e+01
5.508712871287128365e+01
5.502173913043478137e+01
5.495660749506903642e+01
5.489173228346457023e+01
5.482711198428290800e+01
5.476274509803921831e+01
5.469863013698630283e+01
5.469140625000000000e+01
5.462768031189083473e+01
5.473735408560311555e+01
5.467378640776698973e+01
5.478294573643410814e+01
5.471953578336557200e+01
5.482818532818532731e+01
5.476493256262042308e+01
5.470192307692308020e+01
5.469481765834932929e+01
5.480268199233716331e+01
5.479541108986615683e+01
5.478816793893129500e+01
5.506476190476190169e+01
5.500190114068441005e+01
5.493927893738140256e+01
5.510227272727272663e+01
5.503969754253308366e+01
5.503207547169811420e+01
5.496986817325800700e+01
5.524248120300752163e+01
5.518011257035647077e+01
5.511797752808988804e+01
5.505607476635513819e+01
5.499440298507462899e+01
5.493296089385474801e+01
5.492565055762081982e+01
5.486456400742115136e+01
5.485740740740740762e+01
5.479667282809612061e+01
5.490036900369003803e+01
5.494843462246777221e+01
5.488786764705882604e+01
5.488073394495413027e+01
5.482051282051281760e+01
5.486837294332723758e+01
5.508029197080291794e+01
5.512750455373406311e+01
5.511999999999999744e+01
5.505989110707803746e+01
5.500000000000000000e+01
5.494032549728752457e+01
5.493321299638989075e+01
5.514234234234234577e+01
5.524280575539568616e+01
5.528904847396768218e+01
5.522939068100358639e+01
5.522182468694096258e+01
5.526785714285714590e+01
5.526024955436719921e+01
5.535943060498220802e+01
5.530017761989342517e+01
5.534574468085106247e+01
5.528672566371681540e+01
5.522791519434628782e+01
5.516931216931217108e+01
5.526760563380281610e+01
5.531282952548330201e+01
5.535789473684210549e+01
5.535026269702276380e+01
5.539510489510489322e+01
5.533682373472949223e+01
5.527874564459930440e+01
5.537565217391304628e+01
5.531770833333333570e+01
5.531022530329289566e+01
5.530276816608996882e+01
5.524525043177892769e+01
5.518793103448275872e+01
5.513080895008605609e+01
5.512371134020618513e+01
5.511663807890222699e+01
5.531506849315068308e+01
5.556239316239316395e+01
5.555460750853242047e+01
5.554684838160136451e+01
5.548979591836734926e+01
5.548217317487266342e+01
5.542542372881356272e+01
5.536886632825719090e+01
5.531250000000000000e+01
5.545699831365936205e+01
5.550000000000000000e+01
5.544369747899159506e+01
5.548657718120805526e+01
5.568006700167504164e+01
5.562374581939799612e+01
5.571619365609348762e+01
5.565999999999999659e+01
5.570216306156405750e+01
5.574418604651162923e+01
5.573631840796019787e+01
5.582781456953642163e+01
5.581983471074379821e+01
5.576402640264026189e+01
5.575617792421746088e+01
5.570065789473684248e+01
5.569293924466338552e+01
5.568524590163934107e+01
5.567757774140753213e+01
5.562254901960784537e+01
5.566394779771614765e+01
5.560912052117264182e+01
5.555447154471544735e+01
5.554707792207792494e+01
5.558833063209075931e+01
5.562944983818770339e+01
5.557512116316640061e+01
5.566451612903225765e+01
5.561030595813204513e+01
5.565112540192926360e+01
5.559711075441412476e+01
5.558974358974359120e+01
5.582079999999999842e+01
5.586102236421725564e+01
5.580701754385965074e+01
5.584713375796178525e+01
5.579332273449920621e+01
5.588095238095237960e+01
5.587321711568937843e+01
5.586550632911392711e+01
5.595260663507109200e+01
5.599211356466877021e+01
5.593858267716535693e+01
5.588522012578616227e+01
5.587755102040816269e+01
5.596394984326018829e+01
5.595618153364632263e+01
5.599531249999999716e+01
5.612792511700467912e+01
5.630685358255451689e+01
5.625349922239502121e+01
5.624534161490683459e+01
5.628372093023255474e+01
5.623065015479875939e+01
5.617774343122101754e+01
5.612500000000000000e+01
5.607241910631741177e+01
5.602000000000000313e+01
5.605837173579109134e+01
5.600613496932515289e+01
5.599846860643184954e+01
5.594648318042813173e+01
5.598473282442748200e+01
5.593292682926828974e+01
5.588127853881278639e+01
5.582978723404255561e+01
5.577845220030349083e+01
5.577121212121212324e+01
5.572012102874433026e+01
5.580362537764350606e+01
5.575263951734540058e+01
5.570180722891566205e+01
5.578496240601504041e+01
5.582282282282282182e+01
5.577211394302848646e+01
5.576497005988024114e+01
5.598056801195814813e+01
5.615223880597014983e+01
5.610134128166914991e+01
5.609375000000000000e+01
5.608618127786032659e+01
5.612314540059347223e+01
5.620444444444444798e+01
5.624112426035502921e+01
5.619054652880354439e+01
5.627138643067846857e+01
5.622091310751104487e+01
5.617058823529411882e+01
5.633920704845814953e+01
5.628885630498533743e+01
5.628111273792093527e+01
5.627339181286549774e+01
5.630948905109489289e+01
5.630174927113702665e+01
5.625181950509461615e+01
5.620203488372092693e+01
5.615239477503628507e+01
5.610289855072463894e+01
5.613892908827785533e+01
5.621820809248554696e+01
5.616883116883116855e+01
5.611959654178674128e+01
5.607050359712230403e+01
5.602155172413792883e+01
5.622812051649928122e+01
5.617908309455587101e+01
5.613018597997138670e+01
5.608142857142857451e+01
5.607417974322396503e+01
5.615242165242165129e+01
5.627311522048363912e+01
5.622443181818182012e+01
5.634468085106382773e+01
5.633711048158640011e+01
5.637199434229137296e+01
5.644915254237287883e+01
5.652609308885754302e+01
5.656056338028169250e+01
5.651195499296765234e+01
5.646348314606741781e+01
5.645582047685834226e+01
5.640756302521008081e+01
5.644195804195803845e+01
5.643435754189944475e+01
5.638633193863319093e+01
5.642061281337047518e+01
5.637273991655076344e+01
5.640694444444444144e+01
5.660610263522885077e+01
5.659833795013850732e+01
5.655048409405255683e+01
5.650276243093922801e+01
5.653655172413792940e+01
5.648898071625344386e+01
5.648143053645117106e+01
5.647390109890110210e+01
5.646639231824416783e+01
5.641917808219177743e+01
5.637209302325581461e+01
5.648770491803279015e+01
5.644065484311050795e+01
5.639373297002725138e+01
5.634693877551020336e+01
5.630027173913043725e+01
5.625373134328358304e+01
5.624661246612465959e+01
5.620027063599458472e+01
5.627432432432432563e+01
5.622807017543859587e+01
5.618194070080862446e+01
5.617496635262449445e+01
5.624865591397849585e+01
5.624161073825503365e+01
5.619571045576407187e+01
5.638821954484605214e+01
5.638101604278075030e+01
5.633511348464619317e+01
5.644800000000000040e+01
5.644074567243674778e+01
5.643351063829787506e+01
5.658565737051792865e+01
5.653978779840849000e+01
5.649403973509933508e+01
5.644841269841269593e+01
5.640290620871862615e+01
5.635751978891820357e+01
5.631225296442687522e+01
5.626710526315789451e+01
5.626018396846254888e+01
5.625328083989501238e+01
5.624639580602883626e+01
5.643455497382198871e+01
5.638954248366012934e+01
5.634464751958224582e+01
5.629986962190351818e+01
5.633203125000000000e+01
5.628738621586475688e+01
5.624285714285714022e+01
5.619844357976653981e+01
5.619170984455958262e+01
5.614747736093143260e+01
5.610335917312661280e+01
5.605935483870968028e+01
5.605283505154638846e+01
5.600900900900900581e+01
5.604113110539845621e+01
5.603465982028241399e+01
5.599102564102564372e+01
5.594750320102432539e+01
5.609462915601022814e+01
5.608812260536398497e+01
5.608163265306122724e+01
5.603821656050955369e+01
5.603180661577608390e+01
5.598856416772554212e+01
5.594543147208121781e+01
5.612801013941698614e+01
5.608481012658227627e+01
5.604171934260429566e+01
5.603535353535353636e+01
5.610466582597729968e+01
5.617380352644835995e+01
5.616729559748427647e+01
5.616080402010049966e+01
5.611794228356336589e+01
5.622431077694235313e+01
5.618147684605757064e+01
5.621249999999999858e+01
5.631835205992509685e+01
5.627556109725685474e+01
5.626899128268991035e+01
5.644776119402985159e+01
5.647826086956521863e+01
5.647146401985111908e+01
5.650185873605948217e+01
5.645915841584158557e+01
5.641656365883807212e+01
5.637407407407407334e+01
5.633168927250308400e+01
5.628940886699507473e+01
5.635670356703567307e+01
5.631449631449631710e+01
5.627239263803681268e+01
5.623039215686274161e+01
5.618849449204406454e+01
5.614669926650366705e+01
5.610500610500610463e+01
5.620853658536585584e+01
5.616686967113276552e+01
5.619708029197080634e+01
5.622721749696233218e+01
5.618567961165048530e+01
5.628848484848484901e+01
5.628208232445520309e+01
5.624062877871826061e+01
5.623429951690821582e+01
5.619300361881785477e+01
5.618674698795180689e+01
5.614560770156437997e+01
5.610456730769230660e+01
5.606362545018006927e+01
5.602278177458033781e+01
5.616047904191616880e+01
5.611961722488038617e+01
5.607885304659497905e+01
5.607279236276849588e+01
5.606674612634088106e+01
5.606071428571428328e+01
5.609036860879904651e+01
5.604988123515439469e+01
5.604389086595492131e+01
5.603791469194312924e+01
5.606745562130177518e+01
5.602718676122931640e+01
5.598701298701298867e+01
5.594693396226415416e+01
5.611660777385159093e+01
5.618117647058823394e+01
5.617508813160986847e+01
5.620422535211267956e+01
5.637280187573270496e+01
5.633255269320843439e+01
5.650058479532163602e+01
5.656425233644859674e+01
5.652392065344223937e+01
5.648368298368298213e+01
5.651222351571595226e+01
5.654069767441860250e+01
5.650058072009291266e+01
5.652900232018561155e+01
5.659212050984936582e+01
5.662037037037037379e+01
5.658034682080924682e+01
5.660854503464203447e+01
5.656862745098039369e+01
5.652880184331797153e+01
5.655696202531645866e+01
5.655057471264368019e+01
5.657864523536165535e+01
5.667545871559632786e+01
5.663573883161512157e+01
5.659610983981693266e+01
5.655657142857143072e+01
5.655022831050228405e+01
5.654389965792474015e+01
5.660592255125284566e+01
5.663367463026165893e+01
5.666136363636363882e+01
5.662202043132803908e+01
5.658276643990929955e+01
5.661041902604756615e+01
5.657126696832579427e+01
5.653220338983050652e+01
5.655981941309254779e+01
5.652085682074407913e+01
5.648198198198198128e+01
5.644319460067491434e+01
5.640449438202247023e+01
5.636588103254769777e+01
5.635986547085202147e+01
5.632138857782754826e+01
5.631543624161074035e+01
5.637653631284916145e+01
5.633816964285714590e+01
5.629988851727981825e+01
5.626169265033407640e+01
5.628921023359288256e+01
5.631666666666666998e+01
5.627857935627081076e+01
5.627272727272727337e+01
5.623477297895902893e+01
5.639380530973451044e+01
5.635580110497237882e+01
5.641611479028697573e+01
5.647629547960308827e+01
5.643832599118942994e+01
5.640044004400439803e+01
5.649340659340658988e+01
5.652030735455543464e+01
5.654714912280702066e+01
5.654107338444687514e+01
5.653501094091903667e+01
5.652896174863388268e+01
5.662117903930131035e+01
5.658342420937840700e+01
5.664270152505446276e+01
5.660500544069640938e+01
5.659891304347826235e+01
5.665798045602605981e+01
5.668438177874186579e+01
5.671072589382448825e+01
5.670454545454545325e+01
5.673081081081080868e+01
5.672462203023758320e+01
5.684789644012945331e+01
5.697090517241379359e+01
5.696447793326156983e+01
5.692688172043011008e+01
5.708055853920515688e+01
5.707403433476395094e+01
5.713183279742765563e+01
5.712526766595289018e+01
5.721497326203208900e+01
5.720833333333333570e+01
5.717075773745997935e+01
5.713326226012792830e+01
5.712673056443024677e+01
5.708936170212766115e+01
5.705207226354941241e+01
5.701486199575371216e+01
5.697773064687168443e+01
5.694067796610169552e+01
5.696613756613756863e+01
5.695983086680761431e+01
5.695353748680042116e+01
5.691666666666666430e+01
5.697365648050579523e+01
5.696736842105263321e+01
5.711777076761303817e+01
5.720588235294117396e+01
5.732528856243441595e+01
5.728825995807127924e+01
5.728167539267015940e+01
5.724476987447698662e+01
5.720794148380355182e+01
5.717118997912317013e+01
5.713451511991657839e+01
5.719062499999999716e+01
5.733922996878251865e+01
5.730249480249480598e+01
5.726583592938732892e+01
5.722925311203319154e+01
5.719274611398963515e+01
5.715631469979295787e+01
5.711995863495346271e+01
5.708367768595041269e+01
5.707739938080495534e+01
5.704123711340206171e+01
5.706591143151390355e+01
5.702983539094650212e+01
5.702363823227132400e+01
5.717043121149897189e+01
5.713435897435897459e+01
5.712807377049180246e+01
5.709211873080860045e+01
5.705623721881390509e+01
5.702042900919305168e+01
5.701428571428571246e+01
5.703873598369010978e+01
5.703258655804480526e+01
5.717802644964394432e+01
5.714227642276422614e+01
5.725786802030457068e+01
5.722210953346856144e+01
5.718642350557244214e+01
5.718016194331983826e+01
5.714459049544994684e+01
5.716868686868686922e+01
5.716246215943491649e+01
5.715625000000000000e+01
5.715005035246726806e+01
5.714386317907444379e+01
5.716783919597990149e+01
5.713253012048193114e+01
5.721664994984954689e+01
5.735971943887775382e+01
5.732432432432432279e+01
5.728900000000000148e+01
