1.100000000000000000e+02
6.550000000000000000e+01
5.066666666666666430e+01
5.050000000000000000e+01
4.460000000000000142e+01
4.066666666666666430e+01
3.785714285714285410e+01
3.937500000000000000e+01
5.711111111111111427e+01
7.129999999999999716e+01
8.290909090909090651e+01
8.766666666666667140e+01
8.938461538461538680e+01
8.657142857142856940e+01
8.413333333333333997e+01
9.131250000000000000e+01
9.064705882352940591e+01
9.172222222222222854e+01
8.952631578947368496e+01
8.904999999999999716e+01
8.861904761904762040e+01
8.959090909090909349e+01
8.660869565217390686e+01
9.129166666666667140e+01
9.443999999999999773e+01
9.846153846153846700e+01
9.559259259259259522e+01
9.292857142857143060e+01
9.144827586206896797e+01
8.909999999999999432e+01
8.690322580645161565e+01
8.668750000000000000e+01
8.469696969696970257e+01
8.367647058823528994e+01
8.357142857142856940e+01
8.597222222222222854e+01
8.743243243243243512e+01
8.568421052631579471e+01
8.630769230769230660e+01
8.467499999999999716e+01
8.382926829268292579e+01
8.233333333333332860e+01
8.090697674418605345e+01
8.293181818181818699e+01
8.551111111111110574e+01
8.473913043478260931e+01
8.655319148936170848e+01
8.889583333333332860e+01
9.114285714285713880e+01
9.031999999999999318e+01
8.952941176470588402e+01
9.163461538461538680e+01
9.141509433962264097e+01
9.340740740740740478e+01
9.261818181818182438e+01
9.292857142857143060e+01
9.478947368421052033e+01
9.658620689655172953e+01
9.732203389830507945e+01
9.604999999999999716e+01
9.481967213114754145e+01
9.409677419354838435e+01
9.576190476190475920e+01
9.598437500000000000e+01
9.666153846153845564e+01
9.640909090909090651e+01
9.528358208955224029e+01
9.461764705882353610e+01
9.440579710144928072e+01
9.420000000000000284e+01
9.400000000000000000e+01
9.338888888888888573e+01
9.483561643835616906e+01
9.463513513513512976e+01
9.404000000000000625e+01
9.346052631578947967e+01
9.251948051948052409e+01
9.388461538461538680e+01
9.408860759493670400e+01
9.540000000000000568e+01
9.558024691358025393e+01
9.684146341463414842e+01
9.700000000000000000e+01
9.821428571428570820e+01
9.940000000000000568e+01
9.882558139534883423e+01
9.997701149425287781e+01
1.011022727272727337e+02
1.022022471910112387e+02
1.016222222222222200e+02
1.010549450549450512e+02
1.018043478260869534e+02
1.025376344086021447e+02
1.016702127659574444e+02
1.014421052631578988e+02
1.006041666666666714e+02
9.978350515463917247e+01
1.001938775510204067e+02
1.002929292929292870e+02
9.950000000000000000e+01
9.900990099009901257e+01
9.882352941176471006e+01
9.806796116504854410e+01
9.732692307692308020e+01
9.687619047619047308e+01
9.783962264150943611e+01
9.795327102803737773e+01
9.724074074074074758e+01
9.735779816513760920e+01
9.666363636363635692e+01
9.758558558558559071e+01
9.849107142857143060e+01
9.912389380530973426e+01
9.895614035087719174e+01
9.982608695652173481e+01
9.939655172413793593e+01
1.000000000000000000e+02
1.003389830508474603e+02
1.011680672268907557e+02
1.014916666666666600e+02
1.015619834710743845e+02
1.009016393442622928e+02
1.016991869918699223e+02
1.012822580645161281e+02
1.020639999999999930e+02
1.028333333333333286e+02
1.035905511811023558e+02
1.036406250000000000e+02
1.032248062015503933e+02
1.039615384615384670e+02
1.046870229007633526e+02
1.054015151515151558e+02
1.047669172932330781e+02
1.048059701492537243e+02
1.050666666666666629e+02
1.044485294117647101e+02
1.049270072992700733e+02
1.045289855072463752e+02
1.039280575539568332e+02
1.041857142857142833e+02
1.038014184397163149e+02
1.032183098591549282e+02
1.030559440559440532e+02
1.026875000000000000e+02
1.021241379310344826e+02
1.015684931506849296e+02
1.014217687074829968e+02
1.020810810810810807e+02
1.017315436241610769e+02
1.023799999999999955e+02
1.030198675496688736e+02
1.024802631578947398e+02
1.031111111111111143e+02
1.035454545454545467e+02
1.041612903225806406e+02
1.041987179487179418e+02
1.036687898089171966e+02
1.038987341772151893e+02
1.043144654088050345e+02
1.049062500000000000e+02
1.054906832298136692e+02
1.057037037037037095e+02
1.057300613496932584e+02
1.053902439024390247e+02
1.059575757575757535e+02
1.058012048192771033e+02
1.063592814371257447e+02
1.067380952380952408e+02
1.072840236686390512e+02
1.071235294117647072e+02
1.071403508771929864e+02
1.076744186046511658e+02
1.082023121387283169e+02
1.082126436781609158e+02
1.082228571428571371e+02
1.080625000000000000e+02
1.077344632768361521e+02
1.080842696629213435e+02
1.084301675977653616e+02
1.089333333333333371e+02
1.089392265193370122e+02
1.094340659340659272e+02
1.099234972677595579e+02
1.099239130434782652e+02
1.095999999999999943e+02
1.100806451612903203e+02
1.096042780748663148e+02
1.094468085106382915e+02
1.099206349206349245e+02
1.096052631578947398e+02
1.100732984293193653e+02
1.097604166666666714e+02
1.093005181347150199e+02
1.096134020618556661e+02
1.100717948717948786e+02
1.100714285714285694e+02
1.096192893401015169e+02
1.091717171717171766e+02
1.096231155778894504e+02
1.093250000000000028e+02
1.088855721393034770e+02
1.084504950495049513e+02
1.086059113300492669e+02
1.086127450980392126e+02
1.083268292682926841e+02
1.086262135922330145e+02
1.089227053140096615e+02
1.089278846153846132e+02
1.086459330143540711e+02
1.085095238095238130e+02
1.089383886255924239e+02
1.093632075471698073e+02
1.097840375586854407e+02
1.099252336448598157e+02
1.096465116279069747e+02
1.095092592592592524e+02
1.093732718894009253e+02
1.097844036697247674e+02
1.101917808219178028e+02
1.103272727272727280e+02
1.103257918552036188e+02
1.107252252252252305e+02
1.104529147982062796e+02
1.104508928571428612e+02
1.108444444444444485e+02
1.105752212389380560e+02
1.109647577092511028e+02
1.108289473684210549e+02
1.106943231441047999e+02
1.106913043478260903e+02
1.108181818181818130e+02
1.111982758620689680e+02
1.115751072961373325e+02
1.119487179487179418e+02
1.116851063829787165e+02
1.120550847457627128e+02
1.116708860759493689e+02
1.120378151260504183e+02
1.117782426778242666e+02
1.115208333333333286e+02
1.111452282157676308e+02
1.115082644628099189e+02
1.118683127572016502e+02
1.122254098360655803e+02
1.122163265306122497e+02
1.125691056910569046e+02
1.126801619433198312e+02
1.126693548387096797e+02
1.130160642570281055e+02
1.133599999999999994e+02
1.134661354581673294e+02
1.130992063492063551e+02
1.134387351778656097e+02
1.137755905511810965e+02
1.136431372549019585e+02
1.132812500000000000e+02
1.135019455252918306e+02
1.132558139534883708e+02
1.131274131274131207e+02
1.133461538461538396e+02
1.135632183908045931e+02
1.138893129770992374e+02
1.142129277566539969e+02
1.138598484848484844e+02
1.135094339622641542e+02
1.138308270676691762e+02
1.135917602996254629e+02
1.139104477611940354e+02
1.137843866171003668e+02
1.140999999999999943e+02
1.144132841328413264e+02
1.140698529411764639e+02
1.137289377289377228e+02
1.137153284671532845e+02
1.134836363636363643e+02
1.136884057971014528e+02
1.133537906137184166e+02
1.132338129496402814e+02
1.131146953405017967e+02
1.131035714285714278e+02
1.128790035587188640e+02
1.130815602836879492e+02
1.127561837455830442e+02
1.130598591549295833e+02
1.133614035087719287e+02
1.136608391608391599e+02
1.134390243902439011e+02
1.135312500000000000e+02
1.134152249134948107e+02
1.137103448275862121e+02
1.140034364261168349e+02
1.142945205479452113e+02
1.140750853242320773e+02
1.143639455782312950e+02
1.146508474576271226e+02
1.145337837837837895e+02
1.143164983164983113e+02
1.146006711409395962e+02
1.148829431438127102e+02
1.151633333333333269e+02
1.154418604651162781e+02
1.157185430463576097e+02
1.156006600660065970e+02
1.157796052631578902e+02
1.158590163934426300e+02
1.155490196078431353e+02
1.153355048859934868e+02
1.156071428571428612e+02
1.153948220064724950e+02
1.152806451612903231e+02
1.150707395498392316e+02
1.152467948717948758e+02
1.151341853035143714e+02
1.151178343949044631e+02
1.153841269841269792e+02
1.153670886075949369e+02
1.150694006309148278e+02
1.153333333333333286e+02
1.153166144200626917e+02
1.155781250000000000e+02
1.152834890965732058e+02
1.150807453416149002e+02
1.153405572755417978e+02
1.155987654320987588e+02
1.158553846153846223e+02
1.161104294478527663e+02
1.161834862385321117e+02
1.160731707317073216e+02
1.160547112462006112e+02
1.163060606060606119e+02
1.165558912386706965e+02
1.168042168674698758e+02
1.167837837837837895e+02
1.164970059880239575e+02
1.167432835820895463e+02
1.164583333333333286e+02
1.167032640949554860e+02
1.169467455621301752e+02
1.166637168141592866e+02
1.168205882352941245e+02
1.170615835777126108e+02
1.168654970760233880e+02
1.171049562682215708e+02
1.173430232558139465e+02
1.174956521739130437e+02
1.177312138728323703e+02
1.177089337175792565e+02
1.179425287356321803e+02
1.176647564469914045e+02
1.173885714285714243e+02
1.176210826210826212e+02
1.175994318181818130e+02
1.178300283286119026e+02
1.180593220338983116e+02
1.177859154929577414e+02
1.175140449438202239e+02
1.172436974789915922e+02
1.169748603351955296e+02
1.167883008356545957e+02
1.166027777777777743e+02
1.163379501385041550e+02
1.163204419889502788e+02
1.163856749311294720e+02
1.161236263736263794e+02
1.163506849315068479e+02
1.164153005464480941e+02
1.163978201634877365e+02
1.162989130434782652e+02
1.165230352303523063e+02
1.164243243243243313e+02
1.161671159029649658e+02
1.161505376344086073e+02
1.158954423592493299e+02
1.156417112299465231e+02
1.153893333333333402e+02
1.156117021276595693e+02
1.154376657824933687e+02
1.152645502645502660e+02
1.151715039577836421e+02
1.149236842105263179e+02
1.151443569553805730e+02
1.153638743455497320e+02
1.151932114882506539e+02
1.151015625000000000e+02
1.150883116883116912e+02
1.150751295336787621e+02
1.149069767441860535e+02
1.148943298969072231e+02
1.151105398457583533e+02
1.149435897435897402e+02
1.149309462915601046e+02
1.146913265306122440e+02
1.147557251908396978e+02
1.147436548223350314e+02
1.149569620253164572e+02
1.147929292929292870e+02
1.145566750629722890e+02
1.147688442211055246e+02
1.146065162907268160e+02
1.143725000000000023e+02
1.142119700748129674e+02
1.140522388059701484e+02
1.142630272952853545e+02
1.144727722772277190e+02
1.146814814814814838e+02
1.148891625615763559e+02
1.148771498771498756e+02
1.148651960784313673e+02
1.146356968215158929e+02
1.148414634146341484e+02
1.150462287104622874e+02
1.152500000000000000e+02
1.150217917675544754e+02
1.149371980676328491e+02
1.151397590361445822e+02
1.153413461538461604e+02
1.152565947242206192e+02
1.154569377990430610e+02
1.154439140811455786e+02
1.156428571428571388e+02
1.158408551068883554e+02
1.160379146919431292e+02
1.162340425531914860e+02
1.161485849056603712e+02
1.161341176470588294e+02
1.161901408450704167e+02
1.163840749414519848e+02
1.165771028037383132e+02
1.167692307692307736e+02
1.169604651162790674e+02
1.169443155452436258e+02
1.171342592592592524e+02
1.173233256351039273e+02
1.175115207373271886e+02
1.174942528735632123e+02
1.176811926605504652e+02
1.178672768878718529e+02
1.179178082191780845e+02
1.181025056947608221e+02
1.180840909090909037e+02
1.178639455782312950e+02
1.176447963800904972e+02
1.177629796839729153e+02
1.179459459459459509e+02
1.178606741573033645e+02
1.177757847533632258e+02
1.179574944071588334e+02
1.180066964285714306e+02
1.180556792873051251e+02
1.179044444444444508e+02
1.180842572062084201e+02
1.182632743362831889e+02
1.184415011037527563e+02
1.182268722466960327e+02
1.184043956043956030e+02
1.183201754385964932e+02
1.183676148796498921e+02
1.184803493449781655e+02
1.185272331154684053e+02
1.183152173913043441e+02
1.184902386117136643e+02
1.186645021645021671e+02
1.187753779697624168e+02
1.187564655172413808e+02
1.189290322580645096e+02
1.189742489270386301e+02
1.191456102783725868e+02
1.189978632478632505e+02
1.190426439232409450e+02
1.192127659574468055e+02
1.190658174097664528e+02
1.188580508474576334e+02
1.189027484143763189e+02
1.187573839662447313e+02
1.186126315789473722e+02
1.187815126050420105e+02
1.189496855345911968e+02
1.191171548117154799e+02
1.192839248434238044e+02
1.191395833333333343e+02
1.192453222453222423e+02
1.191639004149377570e+02
1.193291925465838546e+02
1.194938016528925573e+02
1.192907216494845386e+02
1.192716049382716079e+02
1.194353182751540032e+02
1.195983606557377072e+02
1.195173824130879296e+02
1.195591836734693914e+02
1.194175152749490820e+02
1.192764227642276467e+02
1.194381338742393552e+02
1.195991902834008158e+02
1.197595959595959556e+02
1.199193548387096797e+02
1.200784708249497044e+02
1.199377510040160644e+02
1.200380761523046118e+02
1.199579999999999984e+02
1.198183632734530875e+02
1.196215139442231106e+02
1.197793240556660095e+02
1.195833333333333286e+02
1.193881188118811849e+02
1.192509881422924849e+02
1.192919132149901316e+02
1.193326771653543261e+02
1.191394891944990206e+02
1.192960784313725497e+02
1.191604696673189778e+02
1.190839843750000000e+02
1.189493177387914216e+02
1.191050583657587509e+02
1.192601941747572880e+02
1.194147286821705478e+02
1.195686653771760177e+02
1.194343629343629374e+02
1.192447013487475971e+02
1.191115384615384585e+02
1.192648752399232279e+02
1.193045977011494188e+02
1.193441682600382450e+02
1.194961832061068634e+02
1.193085714285714261e+02
1.194049429657794690e+02
1.195559772296015240e+02
1.197064393939393909e+02
1.198563327032136101e+02
1.200056603773584953e+02
1.200998116760828651e+02
1.202481203007518786e+02
1.200619136960600315e+02
1.202097378277153581e+02
1.203570093457943955e+02
1.201716417910447774e+02
1.203184357541899487e+02
1.204646840148698885e+02
1.206103896103896034e+02
1.207555555555555600e+02
1.205711645101663549e+02
1.205516605166051676e+02
1.204769797421731141e+02
1.206213235294117680e+02
1.204385321100917423e+02
1.202564102564102626e+02
1.202376599634369256e+02
1.203813868613138709e+02
1.202003642987249492e+02
1.202909090909090963e+02
1.202722323049001858e+02
1.204148550724637659e+02
1.203417721518987378e+02
1.202148014440433172e+02
1.200882882882882825e+02
1.199100719424460380e+02
1.200520646319569096e+02
1.198745519713261700e+02
1.200161001788908806e+02
1.201053571428571445e+02
1.199286987522281578e+02
1.200693950177935960e+02
1.198934280639431620e+02
1.197695035460992870e+02
1.197522123893805315e+02
1.195777385159010606e+02
1.197178130511463792e+02
1.195440140845070403e+02
1.194217926186291692e+02
1.195105263157894768e+02
1.195989492119089306e+02
1.194772727272727337e+02
1.193054101221640479e+02
1.194442508710801434e+02
1.193234782608695639e+02
1.192552083333333286e+02
1.193934142114384684e+02
1.195311418685121083e+02
1.196683937823834185e+02
1.197034482758620726e+02
1.195834767641996592e+02
1.197199312714776624e+02
1.195506003430531763e+02
1.194828767123287605e+02
1.194153846153846104e+02
1.192969283276450483e+02
1.191294718909710326e+02
1.190629251700680271e+02
1.190475382003395595e+02
1.191830508474576220e+02
1.192690355329949199e+02
1.191520270270270316e+02
1.192377740303541316e+02
1.193720538720538684e+02
1.195058823529411711e+02
1.195906040268456394e+02
1.195745393634840923e+02
1.197073578595317684e+02
1.198397328881469122e+02
1.199716666666666640e+02
1.199051580698835267e+02
1.197408637873754174e+02
1.196252072968490836e+02
1.195099337748344368e+02
1.193950413223140430e+02
1.192805280528052805e+02
1.192158154859966999e+02
1.191513157894736850e+02
1.190377668308702823e+02
1.189737704918032790e+02
1.191047463175122800e+02
1.192352941176470580e+02
1.190750407830342539e+02
1.191091205211726418e+02
1.192390243902438982e+02
1.193685064935064872e+02
1.194975688816855808e+02
1.196262135922330145e+02
1.195137318255250420e+02
1.193548387096774235e+02
1.194830917874396192e+02
1.196109324758842405e+02
1.195955056179775227e+02
1.197227564102564088e+02
1.195648000000000053e+02
1.196453674121405726e+02
1.197719298245613970e+02
1.197085987261146443e+02
1.198346581875993593e+02
1.196777777777777771e+02
1.195673534072900139e+02
1.196930379746835484e+02
1.198183254344391742e+02
1.199432176656151370e+02
1.200677165354330640e+02
1.201462264150943327e+02
1.202700156985871303e+02
1.203934169278996933e+02
1.205164319248826246e+02
1.205937500000000000e+02
1.204383775351014094e+02
1.205155763239875455e+02
1.204525660964230127e+02
1.205745341614906891e+02
1.206511627906976685e+02
1.207724458204334326e+02
1.207094281298299876e+02
1.208302469135802539e+02
1.207673343605546989e+02
1.208876923076923049e+02
1.207788018433179786e+02
1.206702453987730053e+02
1.205176110260336912e+02
1.206376146788990837e+02
1.205755725190839627e+02
1.205137195121951237e+02
1.206331811263318059e+02
1.207522796352583612e+02
1.208710166919575073e+02
1.207636363636363654e+02
1.206127080181543079e+02
1.207311178247734205e+02
1.208491704374057321e+02
1.209231927710843308e+02
1.207729323308270608e+02
1.207117117117117147e+02
1.208290854572713613e+02
1.209461077844311347e+02
1.208400597907324396e+02
1.209567164179104424e+02
1.208077496274217566e+02
1.207916666666666714e+02
1.207756315007429464e+02
1.208916913946587499e+02
1.208311111111111131e+02
1.207707100591715914e+02
1.208862629246676477e+02
1.210014749262536924e+02
1.211163475699558205e+02
1.211441176470588204e+02
1.212584434654919221e+02
1.213724340175953103e+02
1.214860907759882878e+02
1.215994152046783654e+02
1.214948905109489061e+02
1.216078717201166199e+02
1.215909752547307079e+02
1.214447674418604635e+02
1.215573294629898413e+02
1.216695652173913089e+02
1.217814761215629460e+02
1.218930635838150351e+02
1.220043290043290085e+02
1.218587896253602310e+02
1.217553956834532443e+02
1.218663793103448256e+02
1.218063127690100487e+02
1.219169054441260727e+02
1.218998569384835520e+02
1.217557142857142907e+02
1.217389443651925802e+02
1.218490028490028436e+02
1.219587482219061201e+02
1.220681818181818130e+02
1.221773049645390046e+02
1.222861189801699737e+02
1.221838755304101909e+02
1.222923728813559308e+02
1.224005641748942139e+02
1.225084507042253534e+02
1.226160337552742590e+02
1.227233146067415674e+02
1.228302945301542763e+02
1.227703081232492934e+02
1.227944055944055890e+02
1.228184357541899487e+02
1.229246861924686129e+02
1.230306406685236738e+02
1.230542420027816348e+02
1.230777777777777828e+02
1.231830790568654663e+02
1.230415512465373951e+02
1.229820193637621060e+02
1.229226519337016583e+02
1.229875862068965517e+02
1.230922865013774157e+02
1.230742778541953300e+02
1.231785714285714306e+02
1.232825788751714668e+02
1.231821917808219240e+02
1.232462380300957534e+02
1.232281420765027349e+02
1.233315143246930461e+02
1.234346049046321525e+02
1.233346938775510182e+02
1.234375000000000000e+02
1.233785617367706919e+02
1.234010840108401084e+02
1.234641407307171903e+02
1.235662162162162190e+02
1.235074224021592499e+02
1.236091644204851718e+02
1.237106325706594845e+02
1.238118279569892479e+02
1.239127516778523557e+02
1.240134048257372683e+02
1.241137884872824628e+02
1.242139037433155124e+02
1.243137516688918538e+02
1.243746666666666698e+02
1.244740346205059893e+02
1.245731382978723474e+02
1.246719787516600206e+02
1.247705570291777235e+02
1.248688741721854285e+02
1.249285714285714306e+02
1.250264200792602338e+02
1.249274406332453822e+02
1.250250329380764214e+02
1.251223684210526272e+02
1.252194480946123463e+02
1.251994750656167952e+02
1.251795543905635668e+02
1.252761780104711988e+02
1.252169934640522939e+02
1.253133159268929546e+02
1.254093872229465489e+02
1.255052083333333286e+02
1.254850455136541001e+02
1.255805194805194844e+02
1.254448767833981861e+02
1.253860103626943072e+02
1.254812419146183657e+02
1.254224806201550422e+02
1.255174193548387080e+02
1.253827319587628892e+02
1.254774774774774784e+02
1.254190231362467927e+02
1.255134788189987205e+02
1.256076923076923038e+02
1.257016645326504545e+02
1.257199488491048527e+02
1.256615581098339760e+02
1.257551020408163254e+02
1.258484076433121004e+02
1.258282442748091654e+02
1.258462515883100394e+02
1.257880710659898540e+02
1.256920152091254721e+02
1.255594936708860700e+02
1.255777496839443756e+02
1.255959595959595987e+02
1.254640605296342954e+02
1.254445843828715397e+02
1.253874213836478049e+02
1.252562814070351749e+02
1.251254705144291108e+02
1.251817042606516281e+02
1.252740926157697174e+02
1.253662499999999937e+02
1.254581772784019904e+02
1.255498753117206974e+02
1.256413449564134481e+02
1.257325870646766219e+02
1.258236024844720475e+02
1.259143920595533501e+02
1.258946716232961620e+02
1.259851485148514882e+02
1.258912237330037129e+02
1.258345679012345641e+02
1.257780517879161550e+02
1.256847290640394021e+02
1.257749077490774852e+02
1.257186732186732172e+02
1.258085889570552212e+02
1.258259803921568647e+02
1.258433292533659795e+02
1.259327628361858160e+02
1.259133089133089101e+02
1.257853658536585328e+02
1.256930572472594463e+02
1.257822384428223899e+02
1.257266099635480003e+02
1.256347087378640737e+02
1.256157575757575700e+02
1.254891041162227623e+02
1.253978234582829572e+02
1.252717391304347814e+02
1.251459589867310029e+02
1.252000000000000028e+02
1.251817087845968643e+02
1.252704326923076934e+02
1.253589435774309777e+02
1.254472422062350176e+02
1.255353293413173645e+02
1.255167464114832541e+02
1.256045400238948559e+02
1.256921241050119278e+02
1.257449344457687772e+02
1.258321428571428555e+02
1.258489892984542280e+02
1.258657957244655563e+02
1.259525504151838646e+02
1.258625592417061654e+02
1.259491124260354979e+02
1.260354609929078009e+02
1.260165289256198378e+02
1.261025943396226410e+02
1.261542991755005829e+02
1.262399999999999949e+02
1.263254994124559403e+02
1.264107981220657280e+02
1.264958968347010568e+02
1.265807962529273993e+02
1.264912280701754383e+02
1.265759345794392488e+02
1.266604434072345384e+02
1.267447552447552397e+02
1.268288707799767110e+02
1.268441860465116235e+02
1.268943089430894275e+02
1.269779582366589352e+02
1.270614136732329058e+02
1.271111111111111143e+02
1.271942196531791893e+02
1.272771362586605051e+02
1.271880046136101470e+02
1.272027649769585196e+02
1.270805523590333763e+02
1.271632183908046017e+02
1.272456946039035586e+02
1.273279816513761489e+02
1.273424971363115645e+02
1.272883295194507980e+02
1.272685714285714340e+02
1.273504566210045681e+02
1.274321550741163094e+02
1.275136674259681087e+02
1.275949943117178549e+02
1.276761363636363598e+02
1.275550510783200906e+02
1.276360544217687050e+02
1.277168742921857358e+02
1.277975113122171962e+02
1.278779661016949092e+02
1.278577878103837406e+02
1.277700112739571523e+02
1.276497747747747695e+02
1.277300337457817818e+02
1.278101123595505584e+02
1.278900112233445583e+02
1.279035874439461935e+02
1.279832026875699853e+02
1.280626398210290802e+02
1.279754189944134026e+02
1.280546875000000000e+02
1.281337792642140414e+02
1.280801781737193892e+02
1.280266963292547189e+02
1.281055555555555543e+02
1.281520532741398313e+02
1.282305986696230491e+02
1.283089700996677607e+02
1.283871681415929231e+02
1.284651933701657356e+02
1.285430463576159070e+02
1.286207276736493839e+02
1.286982378854625608e+02
1.287755775577557813e+02
1.288527472527472639e+02
1.289297475301866029e+02
1.290065789473684106e+02
1.290832420591456753e+02
1.291597374179431199e+02
1.292360655737705031e+02
1.292150655021833927e+02
1.291613958560523372e+02
1.292374727668845367e+02
1.293133841131664781e+02
1.293891304347826008e+02
1.294647122692725247e+02
1.294761388286333954e+02
1.295514626218851504e+02
1.295627705627705666e+02
1.295740540540540451e+02
1.295529157667386642e+02
1.296278317152103625e+02
1.296713362068965409e+02
1.297459634015069980e+02
1.298204301075268745e+02
1.298947368421052602e+02
1.299688841201716798e+02
1.300428724544480303e+02
1.301167023554603759e+02
1.301903743315507995e+02
1.301047008547008659e+02
1.301782283884738547e+02
1.302515991471215386e+02
1.303248136315228862e+02
1.302393617021276668e+02
1.303124335812964887e+02
1.303853503184713247e+02
1.304581124072110185e+02
1.305307203389830590e+02
1.306031746031746081e+02
1.306448202959830951e+02
1.307170010559662217e+02
1.307890295358649837e+02
1.308609062170706068e+02
1.309326315789473654e+02
1.308790746582544671e+02
1.309506302521008365e+02
1.308971668415530019e+02
1.309685534591195051e+02
1.309151832460732976e+02
1.309864016736401595e+02
1.309958202716823337e+02
1.310052192066805787e+02
1.310761209593326271e+02
1.311468749999999943e+02
1.312174817898022923e+02
1.312879417879417758e+02
1.313582554517134042e+02
1.314284232365145328e+02
1.314984455958549177e+02
1.314140786749482288e+02
1.314839710444674381e+02
1.315537190082644656e+02
1.316233230134158987e+02
1.315701030927835120e+02
1.316395468589083464e+02
1.317088477366255006e+02
1.316865364850976334e+02
1.317556468172484472e+02
1.318246153846153845e+02
1.318934426229508290e+02
1.319621289662231334e+02
1.319396728016359930e+02
1.320081716036772264e+02
1.320765306122449090e+02
1.320234454638124362e+02
1.319399185336048959e+02
1.318270600203458685e+02
1.317743902439024453e+02
1.317218274111675100e+02
1.317302231237322587e+02
1.317983789260385095e+02
1.318663967611336147e+02
1.317542972699696691e+02
1.317323232323232389e+02
1.318002018163471121e+02
1.318679435483871032e+02
1.319355488418932509e+02
1.320030181086519008e+02
1.320703517587939757e+02
1.320180722891566347e+02
1.320852557673019021e+02
1.321523046092184472e+02
1.322192192192192124e+02
1.322860000000000014e+02
