2.100000000000000000e+01
6.550000000000000000e+01
7.033333333333332860e+01
6.525000000000000000e+01
5.639999999999999858e+01
6.033333333333333570e+01
7.171428571428570820e+01
6.900000000000000000e+01
7.688888888888888573e+01
7.720000000000000284e+01
7.745454545454545325e+01
7.766666666666667140e+01
1.100769230769230802e+02
1.186428571428571388e+02
1.200666666666666629e+02
1.175625000000000000e+02
1.347647058823529278e+02
1.417222222222222285e+02
1.479473684210526301e+02
1.520500000000000114e+02
1.600476190476190368e+02
1.754545454545454675e+02
1.713043478260869676e+02
1.700000000000000000e+02
1.664000000000000057e+02
1.791923076923076792e+02
1.855185185185185048e+02
1.913928571428571388e+02
1.947931034482758719e+02
2.049333333333333371e+02
2.057419354838709751e+02
2.046250000000000000e+02
2.099393939393939377e+02
2.087647058823529278e+02
2.170571428571428498e+02
2.248888888888888857e+02
2.322972972972972912e+02
2.393157894736842195e+02
2.413846153846153868e+02
2.403499999999999943e+02
2.466585365853658516e+02
2.484047619047618980e+02
2.507674418604651123e+02
2.509772727272727195e+02
2.491777777777777771e+02
2.474565217391304373e+02
2.438936170212765830e+02
2.492083333333333428e+02
2.451428571428571388e+02
2.430399999999999920e+02
2.480588235294117680e+02
2.494423076923076792e+02
2.485094339622641542e+02
2.492777777777777715e+02
2.483818181818181756e+02
2.507321428571428612e+02
2.472105263157894797e+02
2.515517241379310462e+02
2.516949152542372872e+02
2.528333333333333428e+02
2.568688524590164093e+02
2.583709677419354875e+02
2.555396825396825307e+02
2.532656250000000000e+02
2.570461538461538566e+02
2.539090909090909065e+02
2.522089552238805936e+02
2.558382352941176521e+02
2.545942028985507193e+02
2.580857142857142890e+02
2.589577464788732186e+02
2.581388888888889142e+02
2.614383561643835492e+02
2.646486486486486456e+02
2.677733333333333121e+02
2.649078947368420813e+02
2.617402597402597166e+02
2.647820512820512704e+02
2.666202531645569707e+02
2.635500000000000114e+02
2.664567901234568126e+02
2.692926829268292863e+02
2.720602409638554491e+02
2.747619047619047592e+02
2.724705882352941444e+02
2.698837209302325846e+02
2.680459770114942444e+02
2.662500000000000000e+02
2.641573033707865079e+02
2.624444444444444571e+02
2.640659340659340728e+02
2.659782608695651902e+02
2.684838709677419502e+02
2.664787234042553337e+02
2.689263157894736764e+02
2.663437500000000000e+02
2.662783505154638988e+02
2.649897959183673493e+02
2.640303030303030027e+02
2.663799999999999955e+02
2.660198019801979967e+02
2.683039215686274588e+02
2.705436893203883528e+02
2.727403846153846416e+02
2.734761904761904816e+02
2.756037735849056389e+02
2.740560747663551524e+02
2.761388888888889142e+02
2.773669724770642233e+02
2.793818181818181756e+02
2.794774774774774642e+02
2.814375000000000000e+02
2.809823008849557482e+02
2.828947368421052602e+02
2.847739130434782737e+02
2.866206896551724412e+02
2.866495726495726331e+02
2.843983050847457434e+02
2.829327731092436693e+02
2.807500000000000000e+02
2.825537190082644656e+02
2.804098360655737565e+02
2.821869918699186996e+02
2.827338709677419502e+02
2.844639999999999986e+02
2.830793650793650613e+02
2.831338582677165618e+02
2.848203125000000000e+02
2.843953488372093261e+02
2.825923076923077133e+02
2.842442748091602880e+02
2.856515151515151274e+02
2.852330827067669361e+02
2.850447761194029681e+02
2.835259259259259466e+02
2.822500000000000000e+02
2.814306569343065689e+02
2.830072463768116222e+02
2.845611510791366641e+02
2.858857142857143003e+02
2.854893617021276668e+02
2.842535211267605746e+02
2.826153846153846416e+02
2.814166666666666856e+02
2.829172413793103260e+02
2.831712328767123381e+02
2.846394557823129503e+02
2.856891891891891646e+02
2.857181208053691535e+02
2.871399999999999864e+02
2.885430463576158786e+02
2.869736842105263008e+02
2.883594771241830017e+02
2.897272727272727479e+02
2.901161290322580726e+02
2.914551282051282328e+02
2.927770700636942820e+02
2.920000000000000000e+02
2.933018867924528195e+02
2.917812500000000000e+02
2.904658385093167681e+02
2.893518518518518476e+02
2.906380368098159579e+02
2.919085365853658800e+02
2.926242424242424249e+02
2.938674698795180689e+02
2.945628742514970213e+02
2.950714285714285552e+02
2.959289940828402337e+02
2.966000000000000227e+02
2.977836257309941743e+02
2.989534883720930338e+02
2.997687861271676297e+02
3.009137931034482563e+02
3.020457142857142685e+02
3.031647727272727479e+02
3.022429378531073212e+02
3.033483146067415532e+02
3.026033519553072892e+02
3.015333333333333599e+02
3.014696132596685061e+02
3.015714285714285552e+02
3.011803278688524870e+02
3.017717391304348098e+02
3.005729729729729911e+02
3.010000000000000000e+02
3.020588235294117680e+02
3.031063829787233885e+02
3.033544973544973686e+02
3.031263157894736651e+02
3.038429319371727502e+02
3.025208333333333144e+02
3.015233160621761499e+02
3.022371134020618797e+02
3.017128205128204854e+02
3.005816326530612059e+02
3.015888324873096167e+02
3.007727272727272521e+02
3.001155778894472519e+02
2.990149999999999864e+02
3.000099502487562404e+02
3.009950495049504866e+02
2.997586206896551744e+02
3.000049019607843093e+02
2.999560975609755928e+02
3.009223300970873538e+02
2.997101449275362484e+02
3.006682692307692264e+02
2.998995215311005040e+02
2.987095238095238301e+02
2.978151658767772574e+02
2.970707547169811278e+02
2.974600938967136017e+02
2.974252336448598157e+02
2.983627906976744271e+02
2.977685185185185333e+02
2.982857142857142776e+02
2.971467889908257121e+02
2.980684931506849580e+02
2.976227272727272748e+02
2.978597285067873486e+02
2.970135135135134874e+02
2.959058295964125591e+02
2.968125000000000000e+02
2.965155555555555793e+02
2.955575221238938184e+02
2.944757709251101119e+02
2.932763157894736992e+02
2.933930131004366899e+02
2.942869565217391141e+02
2.931038961038960906e+02
2.939913793103448256e+02
2.935879828326180245e+02
2.928034188034188219e+02
2.927914893617021335e+02
2.920169491525423950e+02
2.909957805907172883e+02
2.907394957983193535e+02
2.902343096234309883e+02
2.892333333333333485e+02
2.897344398340248972e+02
2.888677685950412979e+02
2.880082304526749226e+02
2.888729508196721554e+02
2.881428571428571672e+02
2.874186991869918870e+02
2.864574898785425034e+02
2.857459677419354875e+02
2.866024096385542066e+02
2.874519999999999982e+02
2.872231075697210940e+02
2.862817460317460245e+02
2.858221343873517526e+02
2.866614173228346658e+02
2.856196078431372598e+02
2.849335937500000000e+02
2.847198443579766263e+02
2.838100775193798313e+02
2.837181467181467269e+02
2.832807692307692378e+02
2.826168582375478877e+02
2.820725190839694392e+02
2.814182509505703251e+02
2.813371212121211897e+02
2.808037735849056844e+02
2.800488721804511556e+02
2.796367041198502079e+02
2.798992537313432649e+02
2.797137546468401297e+02
2.788629629629629676e+02
2.782398523985239649e+02
2.787242647058823763e+02
2.795311355311355328e+02
2.788029197080292079e+02
2.782981818181818312e+02
2.776884057971014386e+02
2.784873646209386493e+02
2.777733812949640537e+02
2.771720430107527022e+02
2.779642857142857224e+02
2.777935943060498403e+02
2.770921985815602966e+02
2.769257950530035259e+02
2.777077464788732186e+02
2.775403508771929637e+02
2.767447552447552539e+02
2.759547038327526138e+02
2.756909722222222285e+02
2.751176470588235361e+02
2.743413793103448484e+02
2.751134020618556519e+02
2.745479452054794365e+02
2.737815699658702897e+02
2.745476190476190368e+02
2.753084745762711805e+02
2.750540540540540633e+02
2.754074074074073906e+02
2.749530201342282112e+02
2.743010033444816145e+02
2.734566666666666492e+02
2.727142857142857224e+02
2.718807947019867584e+02
2.717425742574257583e+02
2.720986842105263008e+02
2.716655737704917897e+02
2.724084967320261512e+02
2.731465798045602469e+02
2.738798701298701417e+02
2.734466019417475877e+02
2.731129032258064626e+02
2.733601286173633298e+02
2.735096153846153584e+02
2.727028753993610053e+02
2.719012738853502924e+02
2.712920634920635052e+02
2.720126582278480782e+02
2.727287066246057066e+02
2.724056603773585152e+02
2.730250783699059411e+02
2.725156250000000000e+02
2.717320872274143539e+02
2.712298136645962927e+02
2.719349845201238622e+02
2.721759259259259238e+02
2.728738461538461593e+02
2.735674846625767032e+02
2.741681957186544309e+02
2.738506097560975832e+02
2.743556231003039443e+02
2.745848484848484645e+02
2.749939577039274923e+02
2.744969879518072275e+02
2.745435435435435352e+02
2.752155688622754610e+02
2.744567164179104566e+02
2.751250000000000000e+02
2.757893175074183887e+02
2.764497041420118535e+02
2.758702064896755246e+02
2.765264705882352700e+02
2.771788856304985416e+02
2.778274853801169684e+02
2.770787172011661710e+02
2.770290697674418539e+02
2.762869565217391141e+02
2.769306358381502946e+02
2.775706051873198703e+02
2.769166666666666856e+02
2.770401146131804921e+02
2.766485714285714153e+02
2.760028490028490182e+02
2.757017045454545610e+02
2.763342776203966196e+02
2.759491525423728717e+02
2.753126760563380344e+02
2.750168539325842971e+02
2.756442577030812231e+02
2.749329608938547267e+02
2.746406685236768794e+02
2.742666666666666515e+02
2.735650969529085614e+02
2.730303867403314939e+02
2.728292011019283905e+02
2.723818681318681456e+02
2.721835616438356169e+02
2.716584699453551934e+02
2.717901907356948072e+02
2.724076086956521863e+02
2.730216802168021673e+02
2.725810810810810949e+02
2.727897574123988989e+02
2.723521505376344294e+02
2.729597855227881951e+02
2.732459893048128379e+02
2.726506666666666661e+02
2.732526595744681117e+02
2.726604774535808815e+02
2.727857142857142776e+02
2.724353562005276785e+02
2.723236842105263236e+02
2.722913385826771560e+02
2.728848167539267138e+02
2.727728459530026157e+02
2.728958333333333144e+02
2.731740259740259944e+02
2.735284974093264054e+02
2.741111111111110858e+02
2.737654639175257785e+02
2.743444730077120539e+02
2.741538461538461320e+02
2.737340153452685172e+02
2.733163265306122298e+02
2.731297709923663888e+02
2.730964467005076131e+02
2.730632911392405049e+02
2.725757575757575637e+02
2.727707808564231868e+02
2.721381909547738474e+02
2.715087719298245474e+02
2.714800000000000182e+02
2.711521197007481305e+02
2.717189054726368340e+02
2.712431761786600646e+02
2.718069306930693187e+02
2.712592592592592382e+02
2.718201970443349751e+02
2.723783783783783861e+02
2.721274509803921546e+02
2.719511002444987753e+02
2.715560975609756156e+02
2.712360097323601167e+02
2.717888349514562947e+02
2.713244552058111481e+02
2.715144927536231876e+02
2.720626506024096329e+02
2.726081730769230944e+02
2.731510791366906687e+02
2.736913875598086179e+02
2.733007159904534547e+02
2.731976190476190709e+02
2.726674584323040449e+02
2.721398104265402935e+02
2.725366430260047537e+02
2.719433962264150750e+02
2.724776470588235497e+02
2.727300469483568008e+02
2.732599531615924775e+02
2.727383177570093267e+02
2.732657342657342383e+02
2.737906976744185954e+02
2.743132250580046616e+02
2.748333333333333144e+02
2.746605080831408827e+02
2.748341013824884840e+02
2.753494252873563255e+02
2.749013761467890049e+02
2.750045766590388894e+02
2.744908675799086950e+02
2.739794988610478299e+02
2.740159090909090764e+02
2.738480725623582543e+02
2.734095022624434250e+02
2.731760722347629553e+02
2.726734234234234009e+02
2.731820224719101020e+02
2.736883408071748818e+02
2.741923937360178911e+02
2.746294642857142776e+02
2.742628062360801664e+02
2.742311111111110904e+02
2.743325942350332411e+02
2.742345132743362797e+02
2.747306843267108434e+02
2.743017621145374392e+02
2.741384615384615131e+02
2.737785087719298076e+02
2.732253829321663261e+02
2.728689956331877511e+02
2.729716775599128482e+02
2.730086956521739125e+02
2.729154013015184432e+02
2.729523809523809632e+02
2.726004319654427377e+02
2.723793103448275588e+02
2.728666666666666742e+02
2.725815450643776785e+02
2.720428265524625431e+02
2.720811965811965933e+02
2.725650319829424575e+02
2.725382978723404221e+02
2.720658174097664528e+02
2.723580508474576050e+02
2.728372093023255616e+02
2.733143459915611970e+02
2.737894736842105203e+02
2.742626050420167871e+02
2.747337526205450899e+02
2.745146443514644261e+02
2.749832985386221367e+02
2.749520833333333485e+02
2.754178794178794192e+02
2.758817427385891961e+02
2.754140786749482572e+02
2.753202479338842750e+02
2.757814432989690658e+02
2.759341563786008464e+02
2.754702258726899231e+02
2.755614754098360777e+02
2.754069529652351775e+02
2.758632653061224573e+02
2.763177189409368566e+02
2.764065040650406786e+02
2.759472616632859854e+02
2.763987854251012095e+02
2.768484848484848726e+02
2.765120967741935374e+02
2.761770623742454518e+02
2.756646586345381706e+02
2.755130260521041805e+02
2.759599999999999795e+02
2.755688622754490780e+02
2.755378486055776648e+02
2.759821073558647981e+02
2.764246031746031917e+02
2.768653465346534404e+02
2.765355731225296267e+02
2.769743589743589496e+02
2.774114173228346658e+02
2.772593320235756664e+02
2.776372549019607732e+02
2.775440313111545834e+02
2.772167968750000000e+02
2.769493177387914216e+02
2.773249027237354198e+02
2.774077669902912362e+02
2.770251937984496067e+02
2.774545454545454390e+02
2.778822393822393906e+02
2.774431599229287144e+02
2.778692307692307963e+02
2.782936660268713922e+02
2.778563218390804650e+02
2.778795411089866434e+02
2.777309160305343312e+02
2.776971428571428646e+02
2.781178707224334516e+02
2.777419354838709751e+02
2.781609848484848726e+02
2.785784499054820458e+02
2.784867924528301728e+02
2.786214689265536890e+02
2.790357142857142776e+02
2.794484052532832834e+02
2.798595505617977324e+02
2.802691588785046974e+02
2.801194029850746006e+02
2.805270018621973804e+02
2.809330855018587272e+02
2.808385899814471145e+02
2.812425925925925867e+02
2.816451016635859332e+02
2.816051660516604898e+02
2.812891344383057231e+02
2.816893382352941444e+02
2.820880733944954386e+02
2.819377289377289344e+02
2.815137111517367430e+02
2.819105839416058643e+02
2.815974499089253413e+02
2.815581818181818221e+02
2.819528130671506574e+02
2.823460144927536248e+02
2.827377938517179246e+02
2.822653429602888195e+02
2.826558558558558616e+02
2.830449640287769739e+02
2.828420107719928183e+02
2.828548387096774377e+02
2.832415026833631373e+02
2.833071428571428783e+02
2.836916221033868055e+02
2.840747330960854242e+02
2.844564831261101290e+02
2.839893617021276668e+02
2.843699115044248060e+02
2.847491166077738285e+02
2.848112874779541244e+02
2.851883802816901152e+02
2.851968365553602780e+02
2.847333333333333485e+02
2.851085814360770314e+02
2.854825174825174940e+02
2.853856893542757689e+02
2.851846689895470490e+02
2.855565217391304600e+02
2.857204861111110858e+02
2.852616984402079652e+02
2.853217993079584858e+02
2.856908462867012304e+02
2.860586206896551857e+02
2.864251290877796805e+02
2.867903780068728565e+02
2.865385934819897216e+02
2.864931506849314928e+02
2.860888888888889028e+02
2.859931740614334217e+02
2.857955706984668041e+02
2.854965986394557831e+02
2.851477079796264889e+02
2.855101694915254029e+02
2.858714043993231826e+02
2.857770270270270316e+02
2.854300168634064221e+02
2.857895622895622978e+02
2.859983193277311102e+02
2.863557046979865959e+02
2.862110552763818987e+02
2.865668896321070065e+02
2.869215358931552373e+02
2.871266666666666652e+02
2.874792013311148366e+02
2.878305647840531378e+02
2.874859038142620307e+02
2.874900662251655490e+02
2.873454545454545723e+02
2.876947194719471668e+02
2.873031301482701565e+02
2.872582236842105203e+02
2.868686371100164365e+02
2.867754098360655917e+02
2.865351882160392734e+02
2.861977124183006254e+02
2.858123980424143724e+02
2.857214983713354854e+02
2.860682926829268240e+02
2.859285714285714448e+02
2.855948136142625344e+02
2.856019417475728233e+02
2.859466882067851543e+02
2.862903225806451815e+02
2.861996779388083496e+02
2.865418006430868445e+02
2.864991974317816812e+02
2.862163461538461320e+02
2.858383999999999787e+02
2.858450479233226815e+02
2.861387559808612195e+02
2.857165605095541423e+02
2.854372019077901541e+02
2.853492063492063266e+02
2.854516640253565924e+02
2.857895569620253013e+02
2.855118483412322234e+02
2.856608832807571048e+02
2.853842519685039179e+02
2.856273584905660528e+02
2.853045525902668942e+02
2.856394984326018971e+02
2.859733959311424201e+02
2.858390625000000114e+02
2.861263650546021609e+02
2.864579439252336215e+02
2.865567651632970296e+02
2.868866459627329277e+02
2.872155038759689774e+02
2.875433436532507585e+02
2.871761978361669208e+02
2.873657407407407618e+02
2.876918335901386854e+02
2.877876923076922822e+02
2.874685099846390131e+02
2.871042944785276063e+02
2.868790199081163905e+02
2.866085626911315103e+02
2.862030534351144979e+02
2.858887195121951095e+02
2.856666666666666856e+02
2.852644376899696113e+02
2.848634294385432213e+02
2.850530303030303116e+02
2.846974281391830459e+02
2.844335347432024150e+02
2.840799396681749727e+02
2.838629518072289102e+02
2.839624060150375726e+02
2.837012012012012292e+02
2.834407796101949089e+02
2.830479041916167944e+02
2.827892376681614337e+02
2.826208955223880821e+02
2.826766020864381517e+02
2.829985119047619264e+02
2.830980683506686546e+02
2.829747774480712224e+02
2.832948148148147993e+02
2.836139053254437954e+02
2.837119645494830138e+02
2.836327433628318317e+02
2.839499263622975036e+02
2.838264705882352814e+02
2.841424375917767975e+02
2.837565982404692022e+02
2.836778916544656113e+02
2.834678362573099548e+02
2.831270072992700761e+02
2.834416909620991305e+02
2.837554585152838627e+02
2.840683139534883708e+02
2.843802612481857750e+02
2.842579710144927390e+02
2.838769898697539702e+02
2.834971098265896217e+02
2.831183261183261379e+02
2.827824207492795381e+02
2.824057553956834568e+02
2.820301724137930819e+02
2.821276901004304136e+02
2.820959885386819224e+02
2.824062947067238838e+02
2.822885714285714016e+02
2.822139800285306706e+02
2.818831908831908777e+02
2.815960170697013041e+02
2.812258522727272521e+02
2.812382978723404108e+02
2.812082152974504083e+02
2.808401697312588681e+02
2.811483050847457434e+02
2.814555712270803838e+02
2.814253521126760802e+02
2.812264416315049402e+02
2.815323033707865079e+02
2.815862552594670660e+02
2.815980392156862990e+02
2.819020979020979212e+02
2.822053072625698178e+02
2.824253835425383272e+02
2.827270194986072624e+02
2.830278164116829203e+02
2.832041666666666515e+02
2.831719833564494024e+02
2.833476454293628990e+02
2.832323651452282434e+02
2.832002762430939242e+02
2.834979310344827468e+02
2.835895316804407571e+02
2.838858321870701502e+02
2.841813186813186576e+02
2.844759945130315373e+02
2.844013698630137128e+02
2.846949384404924785e+02
2.843743169398907185e+02
2.843410641200545683e+02
2.846335149863760421e+02
2.846816326530612287e+02
2.849728260869565020e+02
2.852632293080054069e+02
2.855528455284552933e+02
2.858416779431664168e+02
2.856851351351351127e+02
2.856504723346828882e+02
2.859380053908355990e+02
2.862247644683714611e+02
2.865107526881720332e+02
2.867959731543624002e+02
2.864396782841823210e+02
2.863239625167336158e+02
2.864491978609625562e+02
2.867329773030707543e+02
2.870160000000000196e+02
2.872982689747004201e+02
2.875797872340425556e+02
2.877025232403718178e+02
2.875464190981432466e+02
2.876688741721854399e+02
2.878703703703703809e+02
2.881492734478203488e+02
2.884274406332453964e+02
2.887048748353096244e+02
2.886671052631579073e+02
2.885111695137976540e+02
2.883162729658792500e+02
2.883971166448230861e+02
2.880850785340314246e+02
2.877359477124182945e+02
2.873877284595300239e+02
2.873129074315514799e+02
2.870039062500000000e+02
2.868907672301690468e+02
2.871662337662337450e+02
2.874409857328145108e+02
2.876774611398963657e+02
2.874476067270375097e+02
2.874509043927648690e+02
2.872219354838709933e+02
2.874948453608247405e+02
2.877670527670527463e+02
2.880385604113110389e+02
2.880410783055198749e+02
2.880435897435897346e+02
2.883137003841229102e+02
2.882007672634271103e+02
2.879731800766283527e+02
2.878992346938775313e+02
2.877108280254777242e+02
2.876755725190839712e+02
2.873735705209656999e+02
2.875672588832487122e+02
2.874942965779467841e+02
2.872316455696202411e+02
2.874993678887483952e+02
2.877664141414141454e+02
2.880327868852459119e+02
2.879974811083123427e+02
2.878490566037735903e+02
2.878894472361808994e+02
2.881543287327477856e+02
2.884185463659147786e+02
2.886821026282853495e+02
2.883837500000000205e+02
2.886466916354556815e+02
2.884987531172070021e+02
2.882017434620174186e+02
2.881293532338308410e+02
2.877975155279503383e+02
2.880235732009925300e+02
2.879888475836431212e+02
2.877685643564356610e+02
2.877342398022249768e+02
2.877370370370370551e+02
2.879617755856966710e+02
2.882216748768473167e+02
2.881869618696186990e+02
2.880049140049139851e+02
2.877128834355827962e+02
2.874583333333333144e+02
2.871321909424724481e+02
2.873911980440097977e+02
2.876495726495726331e+02
2.879073170731707592e+02
2.881644336175396006e+02
2.881301703163017010e+02
2.883863912515188304e+02
2.881334951456310591e+02
2.883890909090908963e+02
2.886089588377723771e+02
2.887194679564691455e+02
2.886485507246376869e+02
2.889022919179734572e+02
2.891554216867469904e+02
2.889398315282791714e+02
2.888329326923076792e+02
2.890852340936374389e+02
2.893369304556354678e+02
2.890502994011976057e+02
2.893014354066985447e+02
2.895519713261648462e+02
2.895525059665870913e+02
2.894457687723480603e+02
2.893035714285714448e+02
2.891973840665874036e+02
2.889133016627078518e+02
2.887722419928825843e+02
2.885248815165876977e+02
2.886686390532544237e+02
2.884574468085106105e+02
2.884592680047225599e+02
2.883195754716981014e+02
2.885677267373380346e+02
2.887458823529411802e+02
2.887826086956521863e+02
2.886784037558685441e+02
2.889249706916764353e+02
2.891709601873536144e+02
2.889263157894736764e+02
2.886471962616822680e+02
2.884037339556592769e+02
2.883706293706293877e+02
2.886158323632130305e+02
2.884779069767441797e+02
2.884448315911730560e+02
2.884466357308584747e+02
2.886906141367323357e+02
2.885879629629629903e+02
2.888312138728323930e+02
2.889364896073902855e+02
2.891787773933102699e+02
2.889032258064515872e+02
2.886283084004602983e+02
2.884919540229885229e+02
2.883559127439724534e+02
2.880493119266055260e+02
2.879140893470790274e+02
2.876086956521739353e+02
2.874057142857142821e+02
2.871689497716894834e+02
2.872405929304446772e+02
2.874817767653758551e+02
2.874505119453924635e+02
2.876909090909090878e+02
2.879307604994324379e+02
2.877630385487528315e+02
2.880022650056625366e+02
2.877002262443438667e+02
2.879389830508474688e+02
2.877042889390519349e+02
2.878083427282976459e+02
2.879121621621621898e+02
2.878132733408323816e+02
2.880505617977528345e+02
2.882873176206509811e+02
2.883228699551569321e+02
2.885587905935050230e+02
2.884261744966443075e+02
2.884614525139664920e+02
2.886964285714285552e+02
2.885641025641025408e+02
2.882984409799554442e+02
2.880667408231367972e+02
2.881355555555555839e+02
2.879378468368479389e+02
2.880399113082040117e+02
2.881085271317829211e+02
2.883418141592920279e+02
2.883767955801105245e+02
2.883123620309050921e+02
2.880826901874310693e+02
2.878204845814977944e+02
2.880209020902090060e+02
2.878582417582417747e+02
2.880252469813391940e+02
2.878300438596490949e+02
2.877009857612267183e+02
2.875065645514223434e+02
2.873125683060109168e+02
2.870862445414846889e+02
2.873173391494001976e+02
2.871568627450980671e+02
2.870946681175190633e+02
2.869347826086956275e+02
2.868729641693811345e+02
2.871030368763557590e+02
2.873326110509208888e+02
2.872056277056277054e+02
2.874345945945946141e+02
2.875993520518358650e+02
2.874077669902912362e+02
2.871842672413793025e+02
2.870581270182992739e+02
2.868354838709677210e+02
2.867422126745435094e+02
2.864570815450643977e+02
2.863644158628081300e+02
2.863683083511777454e+02
2.863080213903743356e+02
2.863440170940170901e+02
2.865080042689434094e+02
2.862878464818763291e+02
2.865143769968051402e+02
2.864223404255318997e+02
2.861710945802337847e+02
2.863970276008492419e+02
2.864644750795334289e+02
2.865317796610169694e+02
2.867566137566137741e+02
2.869809725158562514e+02
2.872048574445617533e+02
2.870495780590717345e+02
2.872729188619599654e+02
2.872757894736841990e+02
2.873417455310199671e+02
2.872815126050419963e+02
2.872214060860440554e+02
2.874433962264150750e+02
2.876345549738219916e+02
2.878556485355648533e+02
2.879832810867293347e+02
2.879853862212943909e+02
2.881438998957247009e+02
2.879270833333333144e+02
2.879292403746097762e+02
2.881486486486486456e+02
2.883063343717549287e+02
2.880591286307054020e+02
2.880922279792746394e+02
2.878157349896480355e+02
2.878490175801447890e+02
2.875733471074379963e+02
2.873281733746130158e+02
2.871762886597938405e+02
2.871483007209062635e+02
2.873364197530864317e+02
2.872466598150051595e+02
2.872186858316221674e+02
2.869753846153845984e+02
2.867633196721311606e+02
2.867666325486182473e+02
2.866779141104294695e+02
2.866506639427987579e+02
2.868071428571428783e+02
2.865657492354740157e+02
2.864164969450101808e+02
2.863591047812818147e+02
2.863323170731707137e+02
2.865482233502538065e+02
2.867636916835699594e+02
2.867973657548125743e+02
2.870121457489878480e+02
2.869241658240646871e+02
2.871383838383838452e+02
2.870504540867810306e+02
2.869022177419354875e+02
2.869959718026183282e+02
2.870593561368209521e+02
2.867919597989949807e+02
2.865542168674699042e+02
2.866479438314945014e+02
2.865010020040080008e+02
2.865645645645645914e+02
2.867769999999999868e+02
